   1  30  0.000000  1362.00  0.000000  0.000000  5000.00  4.000000E-04  0.500000  1  3.000000E-06  230.000  4.000000E-11  7.000000E-10  235.000  5.000000E-11  1.500000E-09  0.000000  0.000000  0.000000  1.00000  0.000000  200.000  0.000000  0.000000  0.000000  0.000000  0.000000  0.000000  30  2.00000  0  1  239.400  0  0.000000  1.00000  0  0  1.00000  1.00000  3.000000E-02  4.00000  4.000000E-04  1.00000  0.000000  1.00000  1  1  2.00000  0.200000  0  0  3
   279.740
   277.675
   275.400
   272.922
   270.248
   267.383
   264.329
   261.088
   257.660
   254.045
   250.239
   246.240
   242.042
   237.641
   233.026
   228.190
   223.121
   217.806
   212.228
   206.367
   200.201
   193.702
   186.836
   179.561
   171.825
   167.678
   163.531
   159.384
   155.238
   151.092
   146.947
   0.000000
   324.970
   683.077
   1073.02
   1493.82
   1944.77
   2425.39
   2935.46
   3474.91
   4043.92
   4642.83
   5272.20
   5932.79
   6625.56
   7351.74
   8112.80
   8910.54
   9747.08
   10625.0
   11547.3
   12517.6
   13540.4
   14621.0
   15766.0
   16983.4
   18299.5
   19752.5
   21378.4
   23229.5
   25385.3
   27971.8
   347.224
   343.437
   338.403
   332.868
   327.043
   321.071
   315.135
   309.338
   303.652
   298.126
   292.764
   287.638
   282.796
   278.287
   274.190
   270.506
   267.226
   264.326
   261.778
   259.526
   257.350
   255.226
   253.188
   251.277
   249.506
   248.148
   247.010
   245.987
   244.549
   241.233
   240.217
   228.676
   216.433
   203.398
   189.779
   175.652
   161.430
   147.491
   133.674
   120.197
   107.004
   94.0668
   81.4979
   69.5247
   58.3507
   48.1129
   39.0490
   31.3602
   25.2496
   20.7297
   17.5231
   14.7298
   12.1885
   9.90729
   7.91694
   6.29775
   5.09866
   3.98354
   2.94206
   1.94799
   0.949991
   0.000000
  -4.28163
   19.7878
   0.523772
  -1.43239
  -2.31234
  -2.71087
  -3.08153
  -3.22088
  -3.34680
  -3.44246
  -3.48289
  -3.40495
  -3.22848
  -3.00576
  -2.64896
  -2.17739
  -1.58256
  -0.961945
  -0.451065
  -0.281004
  -0.179437
  -9.039780E-02
  -6.504335E-03
   0.112039
   0.116563
   5.064422E-02
   3.346445E-02
   0.273999
   1.24412
   0.363475
   0.000000
   11.9197
   2.30880
   1.38530
   0.932631
   0.658683
   0.477024
   0.348689
   0.254241
   0.183270
   0.129681
   8.953026E-02
   5.996249E-02
   3.873222E-02
   2.397873E-02
   1.412041E-02
   7.843740E-03
   4.059237E-03
   1.930627E-03
   8.283800E-04
   6.485419E-04
   6.286777E-04
   5.988510E-04
   5.723049E-04
   5.393564E-04
   5.049203E-04
   4.568756E-04
   3.950028E-04
   3.095589E-04
   0.000000
   0.000000
   0.000000
   0.000000
   0.000000
   1.201510E-02
   1.276092E-02
   1.320177E-02
   1.340299E-02
   1.341161E-02
   1.331775E-02
   1.322954E-02
   1.319467E-02
   1.326482E-02
   1.338115E-02
   1.354097E-02
   1.375037E-02
   1.401652E-02
   1.434477E-02
   1.480522E-02
   1.529684E-02
   1.580838E-02
   1.628739E-02
   1.688555E-02
   1.764285E-02
   1.898776E-02
   2.096132E-02
   2.424568E-02
   3.480677E-02
   0.165281
   3.23608
   0.000000
   3.207478E+21
   2.738706E+21
   2.297342E+21
   1.892301E+21
   1.529402E+21
   1.211681E+21
   9.398191E+20
   7.125464E+20
   5.270670E+20
   3.794922E+20
   2.652255E+20
   1.793240E+20
   1.168116E+20
   7.293858E+19
   4.338161E+19
   2.437985E+19
   1.281041E+19
   6.204399E+18
   2.713710E+18
   2.191930E+18
   2.191930E+18
   2.191930E+18
   2.191930E+18
   2.191930E+18
   2.191930E+18
   2.191930E+18
   2.191930E+18
   2.191930E+18
   2.191930E+18
   2.191930E+18
   1.859812E+20
   1.859812E+20
   1.859812E+20
   1.859812E+20
   1.859812E+20
   1.859812E+20
   1.859812E+20
   1.859812E+20
   1.859812E+20
   1.859812E+20
   1.859812E+20
   1.859812E+20
   1.859812E+20
   1.859812E+20
   1.859812E+20
   1.859812E+20
   1.859812E+20
   1.859812E+20
   1.859812E+20
   1.859812E+20
   1.859812E+20
   1.859812E+20
   1.859812E+20
   1.859812E+20
   1.859812E+20
   1.859812E+20
   1.859812E+20
   1.859812E+20
   1.859812E+20
   1.859812E+20
   6.081379E+15
   1.559819E+16
   2.113676E+16
   2.384116E+16
   2.528048E+16
   2.611094E+16
   2.646402E+16
   2.643453E+16
   2.620229E+16
   2.598197E+16
   2.586707E+16
   2.595572E+16
   2.613495E+16
   2.639571E+16
   2.675072E+16
   2.721281E+16
   2.779049E+16
   2.861837E+16
   2.950072E+16
   3.041159E+16
   3.125295E+16
   3.231290E+16
   3.366533E+16
   3.611849E+16
   3.973659E+16
   4.577936E+16
   6.536768E+16
   3.043575E+17
   2.568800E+18
   1.969091E+18
   7.304572E+23
   7.304572E+23
   7.304572E+23
   7.304572E+23
   7.304572E+23
   7.304572E+23
   7.304572E+23
   7.304572E+23
   7.304572E+23
   7.304572E+23
   7.304572E+23
   7.304572E+23
   7.304572E+23
   7.304572E+23
   7.304572E+23
   7.304572E+23
   7.304572E+23
   7.304572E+23
   7.304572E+23
   7.304572E+23
   7.304572E+23
   7.304572E+23
   7.304572E+23
   7.304572E+23
   7.304572E+23
   7.304572E+23
   7.304572E+23
   7.304572E+23
   7.304572E+23
   7.304572E+23
   0.113796
   2.204181E-02
   1.322532E-02
   8.903707E-03
   6.288358E-03
   4.554087E-03
   3.328885E-03
   2.427209E-03
   1.749650E-03
   1.238043E-03
   8.547335E-04
   5.724540E-04
   3.697714E-04
   2.289218E-04
   1.348058E-04
   7.488322E-05
   3.875303E-05
   1.843146E-05
   7.908442E-06
   6.191549E-06
   6.001908E-06
   5.717156E-06
   5.463720E-06
   5.149166E-06
   4.820409E-06
   4.361733E-06
   3.771042E-06
   2.955319E-06
   0.000000
   0.000000
   9.288544E-06
   2.384128E-05
   3.234320E-05
   3.653074E-05
   3.879836E-05
   4.013870E-05
   4.075051E-05
   4.077671E-05
   4.049134E-05
   4.022314E-05
   4.011712E-05
   4.033039E-05
   4.068410E-05
   4.117003E-05
   4.180672E-05
   4.261591E-05
   4.361393E-05
   4.501390E-05
   4.650861E-05
   4.806391E-05
   4.952030E-05
   5.133894E-05
   5.364140E-05
   5.773047E-05
   6.373088E-05
   7.371668E-05
   1.058267E-04
   5.025202E-04
   9.839002E-03
   0.000000
   296.517
   296.517
   296.517
   296.517
   296.517
   296.517
   296.517
   296.517
   296.517
   296.517
   296.517
   296.517
   296.517
   296.517
   296.517
   296.517
   296.517
   296.517
   296.517
   296.517
   296.517
   296.517
   296.517
   296.517
   296.517
   296.517
   296.517
   296.517
   296.517
   296.517
   162.485
   504.024
   878.049
   1283.42
   1719.30
   2185.08
   2680.43
   3205.18
   3759.42
   4343.38
   4957.52
   5602.50
   6279.17
   6988.65
   7732.27
   8511.67
   9328.81
   10186.0
   11086.1
   12032.5
   13029.0
   14080.7
   15193.5
   16374.7
   17641.5
   19026.0
   20565.5
   22304.0
   24307.4
   26678.6
   1000.40
   938.786
   874.789
   809.508
   743.920
   678.880
   615.132
   553.313
   493.958
   437.508
   384.314
   334.643
   288.684
   246.555
   208.307
   173.932
   143.365
   116.496
   93.1687
   73.1919
   56.3428
   42.3732
   31.0156
   21.9887
   15.0037
   9.76960
   5.99940
   3.41581
   1.75709
   0.782895
   0.280117
   969.593
   906.787
   842.149
   776.714
   711.400
   647.006
   584.222
   523.635
   465.733
   410.911
   359.479
   311.663
   267.620
   227.431
   191.120
   158.649
   129.931
   104.832
   83.1803
   64.7673
   49.3580
   36.6944
   26.5021
   18.4962
   12.3866
   7.88450
   4.70760
   2.58645
   1.26999
   0.531506
   278.708
   276.538
   274.161
   271.585
   268.816
   265.856
   262.708
   259.374
   255.852
   252.142
   248.239
   244.141
   239.841
   235.333
   230.608
   225.656
   220.464
   215.017
   209.297
   203.284
   196.952
   190.269
   183.199
   175.693
   169.752
   165.605
   161.458
   157.311
   153.165
   149.019
   279.740
   279.740
   279.740
   279.740
   279.740
   279.740
   279.740
   279.740
   279.740
   279.740
   279.740
   279.740
   279.740
   279.740
   279.740
   279.740
   279.740
   279.740
   279.740
   279.740
   279.740
   279.740
   279.740
   279.740
   279.740
   279.740
   279.740
   279.740
   279.740
   279.740
   7.904558E-02
   7.904558E-02
   7.904558E-02
   7.904558E-02
   7.904558E-02
   7.904558E-02
   7.904558E-02
   7.904558E-02
   7.904558E-02
   7.904558E-02
   7.904558E-02
   7.904558E-02
   7.904558E-02
   7.904558E-02
   7.904558E-02
   7.904558E-02
   7.904558E-02
   7.904558E-02
   7.904558E-02
   7.904558E-02
   7.904558E-02
   7.904558E-02
   7.904558E-02
   7.904558E-02
   7.904558E-02
   7.904558E-02
   7.904558E-02
   7.904558E-02
   7.904558E-02
   7.904558E-02
   0.000000
   0.000000
   0.000000
   0.000000
   0.000000
   0.000000
   0.000000
   0.000000
   0.000000
   0.000000
   0.000000
   0.800000
   0.000000
   0.000000
   0.000000
   0.000000
   0.000000
   0.000000
   0.000000
   0.000000
   0.000000
   0.000000
   0.000000
   0.000000
   0.000000
   0.000000
   0.000000
   0.000000
   0.000000
   0.000000
   0.000000
   0.000000
   0.000000
   0.000000
   0.000000
   0.000000
   0.000000
   0.000000
   0.000000
   0.000000
   0.000000
   0.000000
   0.000000
   0.000000
   0.000000
   0.000000
   0.000000
   0.000000
   0.000000
   0.000000
   0.000000
   0.000000
   0.000000
   0.000000
   0.000000
   0.000000
   0.000000
   0.000000
   0.000000
   0.000000
