   1  30  0.000000  1362.00  0.000000  0.000000  5000.00  4.000000E-04  0.500000  1  3.000000E-06  230.000  4.000000E-11  7.000000E-10  235.000  5.000000E-11  1.500000E-09  0.000000  0.000000  0.000000  2.000000E+12  0.000000  2.000000E+14  0.000000  0.000000  0.000000  0.000000  0.000000  0.000000  30  2.00000  0  0  239.400  0  0.000000  1.00000  0  1  1.00000  1.00000  3.000000E-02  4.00000  4.000000E-04  1.00000  0.000000  1.00000  1  1  2.00000  0.200000  0  0  3
   144.591
   175.824
   181.809
   185.965
   188.867
   190.927
   192.380
   193.373
   194.038
   194.458
   194.677
   194.709
   194.531
   194.090
   193.307
   192.088
   190.335
   187.935
   184.767
   180.728
   175.761
   169.871
   163.134
   155.680
   147.680
   139.317
   130.754
   122.114
   113.471
   104.848
   96.2366
   0.000000
   200.892
   432.453
   693.999
   984.386
   1302.94
   1649.42
   2023.90
   2426.78
   2858.78
   3320.94
   3814.55
   4341.14
   4902.40
   5500.10
   6136.05
   6812.02
   7529.69
   8290.55
   9095.85
   9946.68
   10844.1
   11789.7
   12786.0
   13837.0
   14949.6
   16134.4
   17407.6
   18793.7
   20330.1
   22075.2
   25.2923
   28.9844
   30.9504
   32.6628
   34.1236
   35.3500
   36.3711
   37.2084
   37.8916
   38.4433
   38.8841
   39.2262
   39.4751
   39.6310
   39.6879
   39.6412
   39.4849
   39.2141
   38.8317
   38.3521
   37.8034
   37.2232
   36.6554
   36.1382
   35.7006
   35.3549
   35.1006
   34.9267
   34.8052
   34.6655
   34.5802
   17.9362
   20.1987
   20.8072
   21.0193
   20.9151
   20.5693
   20.0304
   19.3445
   18.5434
   17.6546
   16.6919
   15.6654
   14.5802
   13.4343
   12.2249
   10.9401
   9.58360
   8.18517
   6.78878
   5.44092
   4.19090
   3.08307
   2.15627
   1.42805
   0.894453
   0.528410
   0.292611
   0.149676
   6.404813E-02
   1.650160E-02
   0.000000
  -0.391647
  -0.106607
  -0.168107
  -0.209244
  -0.233996
  -0.238488
  -0.247479
  -0.254341
  -0.258305
  -0.262649
  -0.266248
  -0.268600
  -0.270399
  -0.270255
  -0.271217
  -0.268712
  -0.255982
  -0.231319
  -0.197249
  -0.156647
  -0.113643
  -7.151026E-02
  -3.455852E-02
  -6.059685E-03
   1.211128E-02
   2.093260E-02
   2.300432E-02
   2.368963E-02
   4.117945E-02
   7.638706E-02
   0.000000
   0.127693
   0.114602
   0.103087
   9.316450E-02
   8.472711E-02
   7.760824E-02
   7.164188E-02
   6.665364E-02
   6.248679E-02
   5.899593E-02
   5.606352E-02
   5.357712E-02
   5.144444E-02
   4.958931E-02
   4.793685E-02
   4.643100E-02
   4.501683E-02
   4.364645E-02
   4.227851E-02
   4.089186E-02
   3.945901E-02
   3.797139E-02
   3.640595E-02
   3.478944E-02
   3.305419E-02
   3.121087E-02
   2.915874E-02
   2.687556E-02
   0.000000
   0.000000
   0.000000
   0.000000
   0.000000
   6.535182E-03
   6.997786E-03
   7.384423E-03
   7.728992E-03
   8.053081E-03
   8.406158E-03
   8.859325E-03
   9.460424E-03
   1.027643E-02
   1.130621E-02
   1.259911E-02
   1.423165E-02
   1.631081E-02
   1.898452E-02
   2.256330E-02
   2.721503E-02
   3.333655E-02
   4.141427E-02
   5.279352E-02
   6.938266E-02
   9.646689E-02
   0.142067
   0.228039
   0.477470
   3.52505
   113.460
   0.000000
   2.191930E+18
   2.191930E+18
   2.191930E+18
   2.191930E+18
   2.191930E+18
   2.191930E+18
   2.191930E+18
   2.191930E+18
   2.191930E+18
   2.191930E+18
   2.191930E+18
   2.191930E+18
   2.191930E+18
   2.191930E+18
   2.191930E+18
   2.191930E+18
   2.191930E+18
   2.191930E+18
   2.191930E+18
   2.191930E+18
   2.191930E+18
   2.191930E+18
   2.191930E+18
   2.191930E+18
   2.191930E+18
   2.191930E+18
   2.191930E+18
   2.191930E+18
   2.191930E+18
   2.191930E+18
   1.859812E+20
   1.859812E+20
   1.859812E+20
   1.859812E+20
   1.859812E+20
   1.859812E+20
   1.859812E+20
   1.859812E+20
   1.859812E+20
   1.859812E+20
   1.859812E+20
   1.859812E+20
   1.859812E+20
   1.859812E+20
   1.859812E+20
   1.859812E+20
   1.859812E+20
   1.859812E+20
   1.859812E+20
   1.859812E+20
   1.859812E+20
   1.859812E+20
   1.859812E+20
   1.859812E+20
   1.859812E+20
   1.859812E+20
   1.859812E+20
   1.859812E+20
   1.859812E+20
   1.859812E+20
   6.081379E+15
   1.559819E+16
   2.113676E+16
   2.384116E+16
   2.528048E+16
   2.611094E+16
   2.646402E+16
   2.643453E+16
   2.620229E+16
   2.598197E+16
   2.586707E+16
   2.595572E+16
   2.613495E+16
   2.639571E+16
   2.675072E+16
   2.721281E+16
   2.779049E+16
   2.861837E+16
   2.950072E+16
   3.041159E+16
   3.125295E+16
   3.231290E+16
   3.366533E+16
   3.611849E+16
   3.973659E+16
   4.577936E+16
   6.536768E+16
   3.043575E+17
   2.568800E+18
   1.969091E+18
   7.304572E+23
   7.304572E+23
   7.304572E+23
   7.304572E+23
   7.304572E+23
   7.304572E+23
   7.304572E+23
   7.304572E+23
   7.304572E+23
   7.304572E+23
   7.304572E+23
   7.304572E+23
   7.304572E+23
   7.304572E+23
   7.304572E+23
   7.304572E+23
   7.304572E+23
   7.304572E+23
   7.304572E+23
   7.304572E+23
   7.304572E+23
   7.304572E+23
   7.304572E+23
   7.304572E+23
   7.304572E+23
   7.304572E+23
   7.304572E+23
   7.304572E+23
   7.304572E+23
   7.304572E+23
   2.253352E-03
   2.100567E-03
   1.927393E-03
   1.750093E-03
   1.578283E-03
   1.416957E-03
   1.268447E-03
   1.133081E-03
   1.010260E-03
   8.988119E-04
   7.975681E-04
   7.052305E-04
   6.207289E-04
   5.432206E-04
   4.719542E-04
   4.064768E-04
   3.464311E-04
   2.916052E-04
   2.418952E-04
   1.973317E-04
   1.578746E-04
   1.235169E-04
   9.412185E-05
   6.959806E-05
   4.955084E-05
   3.370174E-05
   2.157621E-05
   1.276771E-05
   0.000000
   0.000000
   9.945824E-06
   2.552569E-05
   3.462218E-05
   3.909656E-05
   4.151389E-05
   4.293740E-05
   4.358115E-05
   4.359828E-05
   4.328255E-05
   4.298508E-05
   4.286160E-05
   4.307885E-05
   4.344612E-05
   4.395401E-05
   4.462272E-05
   4.547507E-05
   4.652774E-05
   4.800863E-05
   4.958917E-05
   5.123313E-05
   5.276994E-05
   5.469162E-05
   5.712674E-05
   6.146082E-05
   6.782460E-05
   7.841977E-05
   1.125181E-04
   5.333236E-04
   1.008184E-02
   0.000000
   297.127
   297.127
   297.127
   297.127
   297.127
   297.127
   297.127
   297.127
   297.127
   297.127
   297.127
   297.127
   297.127
   297.127
   297.127
   297.127
   297.127
   297.127
   297.127
   297.127
   297.127
   297.127
   297.127
   297.127
   297.127
   297.127
   297.127
   297.127
   297.127
   297.127
   100.446
   316.672
   563.226
   839.192
   1143.66
   1476.18
   1836.66
   2225.34
   2642.78
   3089.86
   3567.74
   4077.85
   4621.77
   5201.25
   5818.08
   6474.04
   7170.86
   7910.12
   8693.20
   9521.26
   10395.4
   11316.9
   12287.9
   13311.5
   14393.3
   15542.0
   16771.0
   18100.6
   19561.9
   21202.6
   1000.40
   938.786
   874.789
   809.508
   743.920
   678.880
   615.132
   553.313
   493.958
   437.508
   384.314
   334.643
   288.684
   246.555
   208.307
   173.932
   143.365
   116.496
   93.1687
   73.1919
   56.3428
   42.3732
   31.0156
   21.9887
   15.0037
   9.76960
   5.99940
   3.41581
   1.75709
   0.782895
   0.280117
   969.593
   906.787
   842.149
   776.714
   711.400
   647.006
   584.222
   523.635
   465.733
   410.911
   359.479
   311.663
   267.620
   227.431
   191.120
   158.649
   129.931
   104.832
   83.1803
   64.7673
   49.3580
   36.6944
   26.5021
   18.4962
   12.3866
   7.88450
   4.70760
   2.58645
   1.26999
   0.531506
   172.293
   178.816
   183.887
   187.416
   189.897
   191.653
   192.876
   193.705
   194.248
   194.568
   194.693
   194.620
   194.311
   193.699
   192.698
   191.212
   189.135
   186.351
   182.747
   178.244
   172.816
   166.503
   159.407
   151.680
   143.499
   135.035
   126.434
   117.792
   109.159
   100.542
   144.591
   144.591
   144.591
   144.591
   144.591
   144.591
   144.591
   144.591
   144.591
   144.591
   144.591
   144.591
   144.591
   144.591
   144.591
   144.591
   144.591
   144.591
   144.591
   144.591
   144.591
   144.591
   144.591
   144.591
   144.591
   144.591
   144.591
   144.591
   144.591
   144.591
   0.200000
   0.200000
   0.200000
   0.200000
   0.200000
   0.200000
   0.200000
   0.200000
   0.200000
   0.200000
   0.200000
   0.200000
   0.200000
   0.200000
   0.200000
   0.200000
   0.200000
   0.200000
   0.200000
   0.200000
   0.200000
   0.200000
   0.200000
   0.200000
   0.200000
   0.200000
   0.200000
   0.200000
   0.200000
   0.200000
   0.000000
   0.000000
   0.000000
   0.000000
   0.000000
   0.000000
   0.000000
   0.000000
   0.000000
   0.000000
   0.000000
   0.000000
   0.000000
   0.800000
   0.000000
   0.000000
   0.000000
   0.000000
   0.000000
   0.000000
   0.000000
   0.000000
   0.000000
   0.000000
   0.000000
   0.000000
   0.000000
   0.000000
   0.000000
   0.000000
   0.000000
   0.000000
   0.000000
   0.000000
   0.000000
   0.000000
   0.000000
   0.000000
   0.000000
   0.000000
   0.000000
   0.000000
   0.000000
   0.000000
   0.000000
   0.000000
   0.000000
   0.000000
   0.000000
   0.000000
   0.000000
   0.000000
   0.000000
   0.000000
   0.000000
   0.000000
   0.000000
   0.000000
   0.000000
   0.000000
