   1  30  0.000000  1362.00  0.000000  0.000000  5000.00  4.000000E-04  0.500000  1  3.000000E-06  230.000  4.000000E-11  7.000000E-10  235.000  5.000000E-11  1.500000E-09  0.000000  0.000000  0.000000  2.000000E+12  0.000000  2.000000E+14  0.000000  0.000000  0.000000  0.000000  0.000000  0.000000  30  2.00000  0  0  239.400  0  0.000000  1.00000  0  1  1.00000  1.00000  3.000000E-02  4.00000  4.000000E-04  1.00000  0.000000  1.00000  1  1  2.00000  0.200000  0  0  3
   161.698
   186.166
   190.857
   193.827
   195.677
   196.799
   197.413
   197.653
   197.645
   197.465
   197.158
   196.734
   196.169
   195.402
   194.348
   192.906
   190.967
   188.412
   185.116
   180.973
   175.923
   169.973
   163.193
   155.712
   147.697
   139.327
   130.762
   122.122
   113.480
   104.858
   96.2467
   0.000000
   213.727
   457.843
   731.415
   1033.17
   1362.36
   1718.70
   2102.22
   2513.30
   2952.65
   3421.33
   3920.66
   4452.20
   5017.72
   5619.06
   6258.07
   6936.60
   7656.37
   8418.92
   9225.53
   10077.3
   10975.5
   11921.5
   12918.1
   13969.3
   15082.0
   16266.8
   17540.1
   18926.3
   20462.8
   22208.1
   39.6550
   43.3824
   45.2365
   46.7663
   47.9890
   48.9478
   49.6905
   50.2511
   50.6674
   50.9689
   51.1799
   51.3152
   51.3814
   51.3780
   51.2981
   51.1339
   50.8774
   50.5224
   50.0715
   49.5381
   48.9480
   48.3376
   47.7485
   47.2168
   46.7695
   46.4176
   46.1592
   45.9825
   45.8562
   45.6953
   45.5974
   21.2468
   23.3514
   23.6593
   23.5274
   23.0757
   22.4010
   21.5591
   20.6020
   19.5622
   18.4687
   17.3331
   16.1623
   14.9603
   13.7204
   12.4361
   11.0917
   9.68883
   8.25443
   6.83104
   5.46503
   4.20347
   3.08881
   2.15877
   1.42903
   0.894801
   0.528566
   0.292694
   0.149742
   6.409662E-02
   1.652997E-02
   0.000000
  -0.444530
  -0.152201
  -0.208218
  -0.236522
  -0.249170
  -0.244320
  -0.245588
  -0.246570
  -0.245996
  -0.247337
  -0.249428
  -0.250930
  -0.252844
  -0.253664
  -0.255632
  -0.254261
  -0.243027
  -0.220176
  -0.187648
  -0.148641
  -0.107351
  -6.667049E-02
  -3.107470E-02
  -3.638078E-03
   1.372726E-02
   2.200694E-02
   2.376500E-02
   2.497490E-02
   4.698022E-02
   7.981770E-02
   0.000000
   0.130634
   0.116552
   0.104340
   9.393020E-02
   8.515421E-02
   7.780375E-02
   7.167456E-02
   6.657478E-02
   6.233086E-02
   5.879135E-02
   5.582416E-02
   5.331406E-02
   5.117173E-02
   4.930700E-02
   4.765112E-02
   4.614447E-02
   4.473064E-02
   4.336273E-02
   4.200000E-02
   4.062239E-02
   3.919106E-02
   3.771064E-02
   3.616806E-02
   3.454604E-02
   3.284156E-02
   3.099824E-02
   2.896379E-02
   2.671407E-02
   0.000000
   0.000000
   0.000000
   0.000000
   0.000000
   6.535182E-03
   6.997786E-03
   7.384423E-03
   7.728992E-03
   8.053081E-03
   8.406158E-03
   8.859325E-03
   9.460424E-03
   1.027643E-02
   1.130621E-02
   1.259911E-02
   1.423165E-02
   1.631081E-02
   1.898452E-02
   2.256330E-02
   2.721503E-02
   3.333655E-02
   4.141427E-02
   5.279352E-02
   6.938266E-02
   9.646689E-02
   0.142067
   0.228039
   0.477470
   3.52505
   113.460
   0.000000
   2.191930E+18
   2.191930E+18
   2.191930E+18
   2.191930E+18
   2.191930E+18
   2.191930E+18
   2.191930E+18
   2.191930E+18
   2.191930E+18
   2.191930E+18
   2.191930E+18
   2.191930E+18
   2.191930E+18
   2.191930E+18
   2.191930E+18
   2.191930E+18
   2.191930E+18
   2.191930E+18
   2.191930E+18
   2.191930E+18
   2.191930E+18
   2.191930E+18
   2.191930E+18
   2.191930E+18
   2.191930E+18
   2.191930E+18
   2.191930E+18
   2.191930E+18
   2.191930E+18
   2.191930E+18
   1.859812E+20
   1.859812E+20
   1.859812E+20
   1.859812E+20
   1.859812E+20
   1.859812E+20
   1.859812E+20
   1.859812E+20
   1.859812E+20
   1.859812E+20
   1.859812E+20
   1.859812E+20
   1.859812E+20
   1.859812E+20
   1.859812E+20
   1.859812E+20
   1.859812E+20
   1.859812E+20
   1.859812E+20
   1.859812E+20
   1.859812E+20
   1.859812E+20
   1.859812E+20
   1.859812E+20
   1.859812E+20
   1.859812E+20
   1.859812E+20
   1.859812E+20
   1.859812E+20
   1.859812E+20
   6.081379E+15
   1.559819E+16
   2.113676E+16
   2.384116E+16
   2.528048E+16
   2.611094E+16
   2.646402E+16
   2.643453E+16
   2.620229E+16
   2.598197E+16
   2.586707E+16
   2.595572E+16
   2.613495E+16
   2.639571E+16
   2.675072E+16
   2.721281E+16
   2.779049E+16
   2.861837E+16
   2.950072E+16
   3.041159E+16
   3.125295E+16
   3.231290E+16
   3.366533E+16
   3.611849E+16
   3.973659E+16
   4.577936E+16
   6.536768E+16
   3.043575E+17
   2.568800E+18
   1.969091E+18
   7.304572E+23
   7.304572E+23
   7.304572E+23
   7.304572E+23
   7.304572E+23
   7.304572E+23
   7.304572E+23
   7.304572E+23
   7.304572E+23
   7.304572E+23
   7.304572E+23
   7.304572E+23
   7.304572E+23
   7.304572E+23
   7.304572E+23
   7.304572E+23
   7.304572E+23
   7.304572E+23
   7.304572E+23
   7.304572E+23
   7.304572E+23
   7.304572E+23
   7.304572E+23
   7.304572E+23
   7.304572E+23
   7.304572E+23
   7.304572E+23
   7.304572E+23
   7.304572E+23
   7.304572E+23
   2.305253E-03
   2.136308E-03
   1.950816E-03
   1.764476E-03
   1.586238E-03
   1.420527E-03
   1.269026E-03
   1.131740E-03
   1.007739E-03
   8.956952E-04
   7.941629E-04
   7.017677E-04
   6.174383E-04
   5.401282E-04
   4.691410E-04
   4.039684E-04
   3.442287E-04
   2.897097E-04
   2.403018E-04
   1.960313E-04
   1.568026E-04
   1.226687E-04
   9.350681E-05
   6.911112E-05
   4.923209E-05
   3.347215E-05
   2.143196E-05
   1.269099E-05
   0.000000
   0.000000
   9.945824E-06
   2.552569E-05
   3.462218E-05
   3.909656E-05
   4.151389E-05
   4.293740E-05
   4.358115E-05
   4.359828E-05
   4.328255E-05
   4.298508E-05
   4.286160E-05
   4.307885E-05
   4.344612E-05
   4.395401E-05
   4.462272E-05
   4.547507E-05
   4.652774E-05
   4.800863E-05
   4.958917E-05
   5.123313E-05
   5.276994E-05
   5.469162E-05
   5.712674E-05
   6.146082E-05
   6.782460E-05
   7.841977E-05
   1.125181E-04
   5.333236E-04
   1.008184E-02
   0.000000
   297.107
   297.107
   297.107
   297.107
   297.107
   297.107
   297.107
   297.107
   297.107
   297.107
   297.107
   297.107
   297.107
   297.107
   297.107
   297.107
   297.107
   297.107
   297.107
   297.107
   297.107
   297.107
   297.107
   297.107
   297.107
   297.107
   297.107
   297.107
   297.107
   297.107
   106.863
   335.785
   594.629
   882.292
   1197.77
   1540.53
   1910.46
   2307.76
   2732.98
   3186.99
   3670.99
   4186.43
   4734.96
   5318.39
   5938.56
   6597.34
   7296.49
   8037.65
   8822.22
   9651.43
   10526.4
   11448.5
   12419.8
   13443.7
   14525.6
   15674.4
   16903.5
   18233.2
   19694.6
   21335.5
   1000.40
   938.786
   874.789
   809.508
   743.920
   678.880
   615.132
   553.313
   493.958
   437.508
   384.314
   334.643
   288.684
   246.555
   208.307
   173.932
   143.365
   116.496
   93.1687
   73.1919
   56.3428
   42.3732
   31.0156
   21.9887
   15.0037
   9.76960
   5.99940
   3.41581
   1.75709
   0.782895
   0.280117
   969.593
   906.787
   842.149
   776.714
   711.400
   647.006
   584.222
   523.635
   465.733
   410.911
   359.479
   311.663
   267.620
   227.431
   191.120
   158.649
   129.931
   104.832
   83.1803
   64.7673
   49.3580
   36.6944
   26.5021
   18.4962
   12.3866
   7.88450
   4.70760
   2.58645
   1.26999
   0.531506
   183.301
   188.512
   192.342
   194.752
   196.238
   197.106
   197.533
   197.649
   197.555
   197.312
   196.946
   196.452
   195.785
   194.875
   193.627
   191.936
   189.690
   186.764
   183.044
   178.448
   172.948
   166.583
   159.452
   151.704
   143.512
   135.044
   126.442
   117.801
   109.169
   100.552
   161.698
   161.698
   161.698
   161.698
   161.698
   161.698
   161.698
   161.698
   161.698
   161.698
   161.698
   161.698
   161.698
   161.698
   161.698
   161.698
   161.698
   161.698
   161.698
   161.698
   161.698
   161.698
   161.698
   161.698
   161.698
   161.698
   161.698
   161.698
   161.698
   161.698
   0.200000
   0.200000
   0.200000
   0.200000
   0.200000
   0.200000
   0.200000
   0.200000
   0.200000
   0.200000
   0.200000
   0.200000
   0.200000
   0.200000
   0.200000
   0.200000
   0.200000
   0.200000
   0.200000
   0.200000
   0.200000
   0.200000
   0.200000
   0.200000
   0.200000
   0.200000
   0.200000
   0.200000
   0.200000
   0.200000
   0.000000
   0.000000
   0.000000
   0.000000
   0.000000
   0.000000
   0.000000
   0.000000
   0.000000
   0.000000
   0.000000
   0.000000
   0.000000
   0.800000
   0.000000
   0.000000
   0.000000
   0.000000
   0.000000
   0.000000
   0.000000
   0.000000
   0.000000
   0.000000
   0.000000
   0.000000
   0.000000
   0.000000
   0.000000
   0.000000
   0.000000
   0.000000
   0.000000
   0.000000
   0.000000
   0.000000
   0.000000
   0.000000
   0.000000
   0.000000
   0.000000
   0.000000
   0.000000
   0.000000
   0.000000
   0.000000
   0.000000
   0.000000
   0.000000
   0.000000
   0.000000
   0.000000
   0.000000
   0.000000
   0.000000
   0.000000
   0.000000
   0.000000
   0.000000
   0.000000
