   1  30  0.000000  1362.00  0.000000  0.000000  5000.00  4.000000E-04  0.500000  1  3.000000E-06  230.000  4.000000E-11  7.000000E-10  235.000  5.000000E-11  1.500000E-09  0.000000  0.000000  0.000000  2.000000E+12  0.000000  2.000000E+14  0.000000  0.000000  0.000000  0.000000  0.000000  0.000000  30  2.00000  0  0  239.400  0  0.000000  1.00000  0  1  1.00000  1.00000  3.000000E-02  4.00000  4.000000E-04  1.00000  0.000000  1.00000  1  1  2.00000  0.200000  0  0  3
   150.295
   179.539
   185.089
   188.834
   191.368
   193.098
   194.255
   194.982
   195.405
   195.607
   195.630
   195.488
   195.157
   194.584
   193.687
   192.372
   190.537
   188.068
   184.842
   180.756
   175.755
   169.843
   163.093
   155.637
   147.642
   139.287
   130.733
   122.102
   113.466
   104.849
   96.2432
   0.000000
   205.479
   441.569
   707.488
   1002.03
   1324.51
   1674.65
   2052.51
   2458.48
   2893.28
   3357.93
   3853.74
   4382.24
   4945.11
   5544.16
   6181.21
   6858.04
   7576.34
   8337.62
   9143.15
   9994.03
   10891.4
   11836.8
   12832.8
   13883.5
   14995.9
   16180.5
   17453.5
   18839.5
   20375.8
   22121.0
   29.5440
   33.3365
   35.2938
   36.9697
   38.3694
   39.5199
   40.4576
   41.2092
   41.8072
   42.2772
   42.6412
   42.9122
   43.0973
   43.1958
   43.2028
   43.1125
   42.9185
   42.6160
   42.2077
   41.7080
   41.1442
   40.5535
   39.9789
   39.4575
   39.0174
   38.6703
   38.4151
   38.2406
   38.1178
   37.9720
   37.8830
   19.0297
   21.2940
   21.8110
   21.9127
   21.6928
   21.2353
   20.5925
   19.8115
   18.9247
   17.9613
   16.9331
   15.8516
   14.7199
   13.5362
   12.2965
   10.9873
   9.61243
   8.20026
   6.79449
   5.44087
   4.18822
   3.07986
   2.15366
   1.42634
   0.893495
   0.527945
   0.292431
   0.149614
   6.404041E-02
   1.650944E-02
   0.000000
  -0.418618
  -0.127059
  -0.186849
  -0.223183
  -0.243192
  -0.243778
  -0.249865
  -0.254446
  -0.256424
  -0.259649
  -0.261954
  -0.263983
  -0.265157
  -0.265025
  -0.266060
  -0.263523
  -0.251173
  -0.226894
  -0.193369
  -0.153313
  -0.110970
  -6.951449E-02
  -3.317577E-02
  -5.194353E-03
   1.262856E-02
   2.123783E-02
   2.319787E-02
   2.404268E-02
   4.285459E-02
   7.739963E-02
   0.000000
   0.128771
   0.115324
   0.103555
   9.345477E-02
   8.489121E-02
   7.768856E-02
   7.166181E-02
   6.663126E-02
   6.243299E-02
   5.892371E-02
   5.597669E-02
   5.347946E-02
   5.134120E-02
   4.947896E-02
   4.782629E-02
   4.631783E-02
   4.490335E-02
   4.353224E-02
   4.216912E-02
   4.078229E-02
   3.934806E-02
   3.786882E-02
   3.631417E-02
   3.468498E-02
   3.296954E-02
   3.112631E-02
   2.909777E-02
   2.681069E-02
   0.000000
   0.000000
   0.000000
   0.000000
   0.000000
   6.535182E-03
   6.997786E-03
   7.384423E-03
   7.728992E-03
   8.053081E-03
   8.406158E-03
   8.859325E-03
   9.460424E-03
   1.027643E-02
   1.130621E-02
   1.259911E-02
   1.423165E-02
   1.631081E-02
   1.898452E-02
   2.256330E-02
   2.721503E-02
   3.333655E-02
   4.141427E-02
   5.279352E-02
   6.938266E-02
   9.646689E-02
   0.142067
   0.228039
   0.477470
   3.52505
   113.460
   0.000000
   2.191930E+18
   2.191930E+18
   2.191930E+18
   2.191930E+18
   2.191930E+18
   2.191930E+18
   2.191930E+18
   2.191930E+18
   2.191930E+18
   2.191930E+18
   2.191930E+18
   2.191930E+18
   2.191930E+18
   2.191930E+18
   2.191930E+18
   2.191930E+18
   2.191930E+18
   2.191930E+18
   2.191930E+18
   2.191930E+18
   2.191930E+18
   2.191930E+18
   2.191930E+18
   2.191930E+18
   2.191930E+18
   2.191930E+18
   2.191930E+18
   2.191930E+18
   2.191930E+18
   2.191930E+18
   1.859812E+20
   1.859812E+20
   1.859812E+20
   1.859812E+20
   1.859812E+20
   1.859812E+20
   1.859812E+20
   1.859812E+20
   1.859812E+20
   1.859812E+20
   1.859812E+20
   1.859812E+20
   1.859812E+20
   1.859812E+20
   1.859812E+20
   1.859812E+20
   1.859812E+20
   1.859812E+20
   1.859812E+20
   1.859812E+20
   1.859812E+20
   1.859812E+20
   1.859812E+20
   1.859812E+20
   1.859812E+20
   1.859812E+20
   1.859812E+20
   1.859812E+20
   1.859812E+20
   1.859812E+20
   6.081379E+15
   1.559819E+16
   2.113676E+16
   2.384116E+16
   2.528048E+16
   2.611094E+16
   2.646402E+16
   2.643453E+16
   2.620229E+16
   2.598197E+16
   2.586707E+16
   2.595572E+16
   2.613495E+16
   2.639571E+16
   2.675072E+16
   2.721281E+16
   2.779049E+16
   2.861837E+16
   2.950072E+16
   3.041159E+16
   3.125295E+16
   3.231290E+16
   3.366533E+16
   3.611849E+16
   3.973659E+16
   4.577936E+16
   6.536768E+16
   3.043575E+17
   2.568800E+18
   1.969091E+18
   7.304572E+23
   7.304572E+23
   7.304572E+23
   7.304572E+23
   7.304572E+23
   7.304572E+23
   7.304572E+23
   7.304572E+23
   7.304572E+23
   7.304572E+23
   7.304572E+23
   7.304572E+23
   7.304572E+23
   7.304572E+23
   7.304572E+23
   7.304572E+23
   7.304572E+23
   7.304572E+23
   7.304572E+23
   7.304572E+23
   7.304572E+23
   7.304572E+23
   7.304572E+23
   7.304572E+23
   7.304572E+23
   7.304572E+23
   7.304572E+23
   7.304572E+23
   7.304572E+23
   7.304572E+23
   2.272381E-03
   2.113790E-03
   1.936130E-03
   1.755545E-03
   1.581339E-03
   1.418424E-03
   1.268800E-03
   1.132700E-03
   1.009391E-03
   8.977117E-04
   7.963327E-04
   7.039449E-04
   6.194832E-04
   5.420119E-04
   4.708657E-04
   4.054861E-04
   3.455578E-04
   2.908422E-04
   2.412694E-04
   1.968029E-04
   1.574307E-04
   1.231832E-04
   9.388458E-05
   6.938909E-05
   4.942395E-05
   3.361044E-05
   2.153110E-05
   1.273689E-05
   0.000000
   0.000000
   9.945824E-06
   2.552569E-05
   3.462218E-05
   3.909656E-05
   4.151389E-05
   4.293740E-05
   4.358115E-05
   4.359828E-05
   4.328255E-05
   4.298508E-05
   4.286160E-05
   4.307885E-05
   4.344612E-05
   4.395401E-05
   4.462272E-05
   4.547507E-05
   4.652774E-05
   4.800863E-05
   4.958917E-05
   5.123313E-05
   5.276994E-05
   5.469162E-05
   5.712674E-05
   6.146082E-05
   6.782460E-05
   7.841977E-05
   1.125181E-04
   5.333236E-04
   1.008184E-02
   0.000000
   297.119
   297.119
   297.119
   297.119
   297.119
   297.119
   297.119
   297.119
   297.119
   297.119
   297.119
   297.119
   297.119
   297.119
   297.119
   297.119
   297.119
   297.119
   297.119
   297.119
   297.119
   297.119
   297.119
   297.119
   297.119
   297.119
   297.119
   297.119
   297.119
   297.119
   102.740
   323.524
   574.529
   854.761
   1163.27
   1499.58
   1863.58
   2255.50
   2675.88
   3125.61
   3605.84
   4117.99
   4663.67
   5244.64
   5862.69
   6519.62
   7217.19
   7956.98
   8740.39
   9568.59
   10442.7
   11364.1
   12334.8
   13358.2
   14439.7
   15588.2
   16817.0
   18146.5
   19607.6
   21248.4
   1000.40
   938.786
   874.789
   809.508
   743.920
   678.880
   615.132
   553.313
   493.958
   437.508
   384.314
   334.643
   288.684
   246.555
   208.307
   173.932
   143.365
   116.496
   93.1687
   73.1919
   56.3428
   42.3732
   31.0156
   21.9887
   15.0037
   9.76960
   5.99940
   3.41581
   1.75709
   0.782895
   0.280117
   969.593
   906.787
   842.149
   776.714
   711.400
   647.006
   584.222
   523.635
   465.733
   410.911
   359.479
   311.663
   267.620
   227.431
   191.120
   158.649
   129.931
   104.832
   83.1803
   64.7673
   49.3580
   36.6944
   26.5021
   18.4962
   12.3866
   7.88450
   4.70760
   2.58645
   1.26999
   0.531506
   176.227
   182.314
   186.961
   190.101
   192.233
   193.677
   194.618
   195.193
   195.506
   195.619
   195.559
   195.322
   194.871
   194.136
   193.030
   191.455
   189.303
   186.455
   182.799
   178.255
   172.799
   166.468
   159.365
   151.640
   143.464
   135.010
   126.417
   117.784
   109.158
   100.546
   150.295
   150.295
   150.295
   150.295
   150.295
   150.295
   150.295
   150.295
   150.295
   150.295
   150.295
   150.295
   150.295
   150.295
   150.295
   150.295
   150.295
   150.295
   150.295
   150.295
   150.295
   150.295
   150.295
   150.295
   150.295
   150.295
   150.295
   150.295
   150.295
   150.295
   0.200000
   0.200000
   0.200000
   0.200000
   0.200000
   0.200000
   0.200000
   0.200000
   0.200000
   0.200000
   0.200000
   0.200000
   0.200000
   0.200000
   0.200000
   0.200000
   0.200000
   0.200000
   0.200000
   0.200000
   0.200000
   0.200000
   0.200000
   0.200000
   0.200000
   0.200000
   0.200000
   0.200000
   0.200000
   0.200000
   0.000000
   0.000000
   0.000000
   0.000000
   0.000000
   0.000000
   0.000000
   0.000000
   0.000000
   0.000000
   0.000000
   0.000000
   0.000000
   0.800000
   0.000000
   0.000000
   0.000000
   0.000000
   0.000000
   0.000000
   0.000000
   0.000000
   0.000000
   0.000000
   0.000000
   0.000000
   0.000000
   0.000000
   0.000000
   0.000000
   0.000000
   0.000000
   0.000000
   0.000000
   0.000000
   0.000000
   0.000000
   0.000000
   0.000000
   0.000000
   0.000000
   0.000000
   0.000000
   0.000000
   0.000000
   0.000000
   0.000000
   0.000000
   0.000000
   0.000000
   0.000000
   0.000000
   0.000000
   0.000000
   0.000000
   0.000000
   0.000000
   0.000000
   0.000000
   0.000000
