   1  30  0.000000  1362.00  0.000000  0.000000  5000.00  4.000000E-04  0.500000  1  3.000000E-06  230.000  4.000000E-11  7.000000E-10  235.000  5.000000E-11  1.500000E-09  0.000000  0.000000  0.000000  2.000000E+12  0.000000  2.000000E+14  0.000000  0.000000  0.000000  0.000000  0.000000  0.000000  30  2.00000  0  0  239.400  0  0.000000  1.00000  0  1  1.00000  1.00000  3.000000E-02  4.00000  4.000000E-04  1.00000  0.000000  1.00000  1  1  2.00000  0.200000  0  0  3
   187.786
   201.111
   203.625
   204.687
   204.901
   204.549
   203.759
   202.730
   201.668
   200.646
   199.683
   198.754
   197.799
   196.729
   195.436
   193.801
   191.705
   189.017
   185.608
   181.370
   176.242
   170.224
   163.389
   155.862
   147.811
   139.411
   130.823
   122.166
   113.511
   104.878
   96.2551
   0.000000
   232.488
   494.548
   784.922
   1102.24
   1445.67
   1814.75
   2209.36
   2629.90
   3077.26
   3552.71
   4057.80
   4594.29
   5164.08
   5769.14
   6411.43
   7092.85
   7815.16
   8579.95
   9388.52
   10242.0
   11141.7
   12089.0
   13086.6
   14138.7
   15252.2
   16437.7
   17711.5
   19098.1
   20635.0
   22380.5
   72.2013
   74.9954
   76.2737
   77.1958
   77.8068
   78.1357
   78.2392
   78.1930
   78.0611
   77.8890
   77.6990
   77.4994
   77.2874
   77.0528
   76.7808
   76.4547
   76.0611
   75.5918
   75.0471
   74.4389
   73.7901
   73.1347
   72.5120
   71.9557
   71.4908
   71.1264
   70.8592
   70.6757
   70.5366
   70.3196
   70.1907
   27.5583
   28.6697
   28.2724
   27.4164
   26.2366
   24.8890
   23.5013
   22.0884
   20.6909
   19.3274
   17.9901
   16.6691
   15.3518
   14.0238
   12.6697
   11.2700
   9.82189
   8.35104
   6.89870
   5.51108
   4.23338
   3.10715
   2.16943
   1.43472
   0.897789
   0.529993
   0.293290
   0.150003
   6.421791E-02
   1.657343E-02
   0.000000
  -0.460955
  -0.179486
  -0.234787
  -0.253294
  -0.234264
  -0.203359
  -0.207878
  -0.197924
  -0.193408
  -0.195614
  -0.201326
  -0.208437
  -0.215531
  -0.221718
  -0.227817
  -0.230227
  -0.222677
  -0.203213
  -0.173744
  -0.137498
  -9.864447E-02
  -5.989725E-02
  -2.593199E-02
   2.476707E-04
   1.659035E-02
   2.410012E-02
   2.546769E-02
   2.839589E-02
   6.232270E-02
   8.830813E-02
   0.000000
   0.134552
   0.119061
   0.111444
   0.106577
   9.260178E-02
   7.596955E-02
   6.983463E-02
   6.482458E-02
   6.068392E-02
   5.724715E-02
   5.437717E-02
   5.195753E-02
   4.989064E-02
   4.809207E-02
   4.649763E-02
   4.503955E-02
   4.367251E-02
   4.234485E-02
   4.102154E-02
   3.967245E-02
   3.829179E-02
   3.684539E-02
   3.533161E-02
   3.375181E-02
   3.206538E-02
   3.030564E-02
   2.829910E-02
   2.609164E-02
   0.000000
   0.000000
   0.000000
   0.000000
   0.000000
   6.535182E-03
   6.997786E-03
   7.384423E-03
   7.728992E-03
   8.053081E-03
   8.406158E-03
   8.859325E-03
   9.460424E-03
   1.027643E-02
   1.130621E-02
   1.259911E-02
   1.423165E-02
   1.631081E-02
   1.898452E-02
   2.256330E-02
   2.721503E-02
   3.333655E-02
   4.141427E-02
   5.279352E-02
   6.938266E-02
   9.646689E-02
   0.142067
   0.228039
   0.477470
   3.52505
   113.460
   0.000000
   2.191930E+18
   2.191930E+18
   2.313585E+18
   2.494002E+18
   2.426157E+18
   2.193662E+18
   2.191930E+18
   2.191930E+18
   2.191930E+18
   2.191930E+18
   2.191930E+18
   2.191930E+18
   2.191930E+18
   2.191930E+18
   2.191930E+18
   2.191930E+18
   2.191930E+18
   2.191930E+18
   2.191930E+18
   2.191930E+18
   2.191930E+18
   2.191930E+18
   2.191930E+18
   2.191930E+18
   2.191930E+18
   2.191930E+18
   2.191930E+18
   2.191930E+18
   2.191930E+18
   2.191930E+18
   1.859812E+20
   1.859812E+20
   1.859812E+20
   1.859812E+20
   1.859812E+20
   1.859812E+20
   1.859812E+20
   1.859812E+20
   1.859812E+20
   1.859812E+20
   1.859812E+20
   1.859812E+20
   1.859812E+20
   1.859812E+20
   1.859812E+20
   1.859812E+20
   1.859812E+20
   1.859812E+20
   1.859812E+20
   1.859812E+20
   1.859812E+20
   1.859812E+20
   1.859812E+20
   1.859812E+20
   1.859812E+20
   1.859812E+20
   1.859812E+20
   1.859812E+20
   1.859812E+20
   1.859812E+20
   6.081379E+15
   1.559819E+16
   2.113676E+16
   2.384116E+16
   2.528048E+16
   2.611094E+16
   2.646402E+16
   2.643453E+16
   2.620229E+16
   2.598197E+16
   2.586707E+16
   2.595572E+16
   2.613495E+16
   2.639571E+16
   2.675072E+16
   2.721281E+16
   2.779049E+16
   2.861837E+16
   2.950072E+16
   3.041159E+16
   3.125295E+16
   3.231290E+16
   3.366533E+16
   3.611849E+16
   3.973659E+16
   4.577936E+16
   6.536768E+16
   3.043575E+17
   2.568800E+18
   1.969091E+18
   7.304572E+23
   7.304572E+23
   7.304572E+23
   7.304572E+23
   7.304572E+23
   7.304572E+23
   7.304572E+23
   7.304572E+23
   7.304572E+23
   7.304572E+23
   7.304572E+23
   7.304572E+23
   7.304572E+23
   7.304572E+23
   7.304572E+23
   7.304572E+23
   7.304572E+23
   7.304572E+23
   7.304572E+23
   7.304572E+23
   7.304572E+23
   7.304572E+23
   7.304572E+23
   7.304572E+23
   7.304572E+23
   7.304572E+23
   7.304572E+23
   7.304572E+23
   7.304572E+23
   7.304572E+23
   2.374401E-03
   2.182294E-03
   2.083628E-03
   2.002047E-03
   1.724971E-03
   1.387038E-03
   1.236449E-03
   1.101987E-03
   9.811122E-04
   8.721692E-04
   7.735778E-04
   6.839117E-04
   6.019807E-04
   5.268193E-04
   4.577846E-04
   3.942954E-04
   3.360858E-04
   2.829091E-04
   2.347035E-04
   1.914472E-04
   1.532046E-04
   1.198541E-04
   9.134432E-05
   6.752224E-05
   4.806854E-05
   3.272427E-05
   2.094012E-05
   1.239530E-05
   0.000000
   0.000000
   9.945824E-06
   2.552569E-05
   3.462218E-05
   3.909656E-05
   4.151389E-05
   4.293740E-05
   4.358115E-05
   4.359828E-05
   4.328255E-05
   4.298508E-05
   4.286160E-05
   4.307885E-05
   4.344612E-05
   4.395401E-05
   4.462272E-05
   4.547507E-05
   4.652774E-05
   4.800863E-05
   4.958917E-05
   5.123313E-05
   5.276994E-05
   5.469162E-05
   5.712674E-05
   6.146082E-05
   6.782460E-05
   7.841977E-05
   1.125181E-04
   5.333236E-04
   1.008184E-02
   0.000000
   297.079
   297.079
   297.079
   297.079
   297.079
   297.079
   297.079
   297.079
   297.079
   297.079
   297.079
   297.079
   297.079
   297.079
   297.079
   297.079
   297.079
   297.079
   297.079
   297.079
   297.079
   297.079
   297.079
   297.079
   297.079
   297.079
   297.079
   297.079
   297.079
   297.079
   116.244
   363.518
   639.735
   943.579
   1273.95
   1630.21
   2012.05
   2419.63
   2853.58
   3314.99
   3805.26
   4326.04
   4879.18
   5466.61
   6090.28
   6752.14
   7454.00
   8197.56
   8984.23
   9815.28
   10691.8
   11615.3
   12587.8
   13612.7
   14695.4
   15844.9
   17074.6
   18404.8
   19866.6
   21507.8
   1000.40
   938.786
   874.789
   809.508
   743.920
   678.880
   615.132
   553.313
   493.958
   437.508
   384.314
   334.643
   288.684
   246.555
   208.307
   173.932
   143.365
   116.496
   93.1687
   73.1919
   56.3428
   42.3732
   31.0156
   21.9887
   15.0037
   9.76960
   5.99940
   3.41581
   1.75709
   0.782895
   0.280117
   969.593
   906.787
   842.149
   776.714
   711.400
   647.006
   584.222
   523.635
   465.733
   410.911
   359.479
   311.663
   267.620
   227.431
   191.120
   158.649
   129.931
   104.832
   83.1803
   64.7673
   49.3580
   36.6944
   26.5021
   18.4962
   12.3866
   7.88450
   4.70760
   2.58645
   1.26999
   0.531506
   199.391
   202.368
   204.156
   204.794
   204.725
   204.154
   203.245
   202.199
   201.157
   200.164
   199.219
   198.277
   197.264
   196.083
   194.619
   192.753
   190.361
   187.312
   183.489
   178.806
   173.233
   166.806
   159.625
   151.836
   143.611
   135.117
   126.495
   117.839
   109.194
   100.566
   187.786
   187.786
   187.786
   187.786
   187.786
   187.786
   187.786
   187.786
   187.786
   187.786
   187.786
   187.786
   187.786
   187.786
   187.786
   187.786
   187.786
   187.786
   187.786
   187.786
   187.786
   187.786
   187.786
   187.786
   187.786
   187.786
   187.786
   187.786
   187.786
   187.786
   0.200000
   0.200000
   0.200000
   0.200000
   0.200000
   0.200000
   0.200000
   0.200000
   0.200000
   0.200000
   0.200000
   0.200000
   0.200000
   0.200000
   0.200000
   0.200000
   0.200000
   0.200000
   0.200000
   0.200000
   0.200000
   0.200000
   0.200000
   0.200000
   0.200000
   0.200000
   0.200000
   0.200000
   0.200000
   0.200000
   0.000000
   0.000000
   0.000000
   0.000000
   0.000000
   0.000000
   0.000000
   0.000000
   0.000000
   0.000000
   0.000000
   0.000000
   0.000000
   0.800000
   0.000000
   0.000000
   0.000000
   0.000000
   0.000000
   0.000000
   0.000000
   0.000000
   0.000000
   0.000000
   0.000000
   0.000000
   0.000000
   0.000000
   0.000000
   0.000000
   0.000000
   0.000000
   0.000000
   0.000000
   0.000000
   0.000000
   0.000000
   0.000000
   0.000000
   0.000000
   0.000000
   0.000000
   0.000000
   0.000000
   0.000000
   0.000000
   0.000000
   0.000000
   0.000000
   0.000000
   0.000000
   0.000000
   0.000000
   0.000000
   0.000000
   0.000000
   0.000000
   0.000000
   0.000000
   0.000000
