   1  30  0.000000  1362.00  0.000000  0.000000  5000.00  4.000000E-04  0.500000  1  3.000000E-06  230.000  4.000000E-11  7.000000E-10  235.000  5.000000E-11  1.500000E-09  0.000000  0.000000  0.000000  2.000000E+12  0.000000  2.000000E+14  0.000000  0.000000  0.000000  0.000000  0.000000  0.000000  30  2.00000  0  0  239.400  0  0.000000  1.00000  0  1  1.00000  1.00000  3.000000E-02  4.00000  4.000000E-04  1.00000  0.000000  1.00000  1  1  2.00000  0.200000  0  0  3
   298.387
   269.906
   256.272
   235.637
   225.895
   219.805
   215.667
   212.601
   210.207
   208.265
   206.610
   205.103
   203.591
   201.961
   200.111
   197.924
   195.285
   192.068
   188.150
   183.435
   177.873
   171.474
   164.315
   156.528
   148.277
   139.732
   131.045
   122.325
   113.630
   104.956
   96.2860
   0.000000
   313.606
   654.298
   1004.12
   1361.68
   1735.52
   2129.15
   2544.90
   2984.59
   3449.92
   3942.65
   4464.57
   5017.48
   5603.19
   6223.53
   6880.34
   7575.37
   8310.27
   9086.47
   9905.20
   10767.5
   11674.6
   12628.1
   13630.7
   14686.8
   15803.3
   16991.2
   18266.9
   19655.2
   21193.5
   22939.9
   449.452
   388.981
   366.847
   347.765
   338.762
   333.409
   329.787
   327.111
   325.027
   323.338
   321.941
   320.755
   319.704
   318.721
   317.774
   316.841
   315.899
   314.934
   313.954
   312.968
   311.999
   311.074
   310.231
   309.495
   308.884
   308.402
   308.040
   307.769
   307.415
   306.303
   305.749
   198.262
   137.647
   88.3504
   54.9391
   42.3909
   35.4082
   30.7669
   27.3300
   24.5919
   22.3154
   20.3515
   18.6145
   17.0018
   15.4005
   13.7971
   12.1702
   10.5173
   8.86608
   7.26095
   5.75224
   4.38451
   3.19510
   2.21733
   1.45883
   0.908972
   0.534871
   0.295371
   0.150936
   6.468156E-02
   1.674229E-02
   0.000000
  -3.941223E-02
   3.67389
  -2.07820
  -0.624169
  -0.374252
  -0.237211
  -0.179400
  -0.156000
  -0.141054
  -0.137338
  -0.134427
  -0.138444
  -0.154683
  -0.165595
  -0.176198
  -0.180955
  -0.174756
  -0.157772
  -0.130382
  -9.609500E-02
  -5.976409E-02
  -2.417257E-02
   6.289053E-03
   2.884580E-02
   4.157342E-02
   4.562938E-02
   4.667099E-02
   8.539484E-02
   0.306735
   0.204846
   0.000000
   5.35047
   0.871713
   0.162883
   3.422768E-02
   1.383348E-02
   7.379838E-03
   4.627072E-03
   3.198044E-03
   2.358992E-03
   1.817546E-03
   1.436311E-03
   1.229817E-03
   1.221289E-03
   1.206901E-03
   1.194356E-03
   1.177448E-03
   1.158537E-03
   1.136450E-03
   1.114805E-03
   1.084078E-03
   1.050351E-03
   1.019195E-03
   9.835792E-04
   9.314950E-04
   8.877461E-04
   8.585270E-04
   8.136567E-04
   7.018229E-04
   0.000000
   0.000000
   0.000000
   0.000000
   0.000000
   6.535182E-03
   6.997786E-03
   7.384423E-03
   7.728992E-03
   8.053081E-03
   8.406158E-03
   8.859325E-03
   9.460424E-03
   1.027643E-02
   1.130621E-02
   1.259911E-02
   1.423165E-02
   1.631081E-02
   1.898452E-02
   2.256330E-02
   2.721503E-02
   3.333655E-02
   4.141427E-02
   5.279352E-02
   6.938266E-02
   9.646689E-02
   0.142067
   0.228039
   0.477470
   3.52505
   113.460
   0.000000
   1.685617E+21
   1.070262E+21
   2.475513E+20
   5.488792E+19
   2.274123E+19
   1.234412E+19
   7.845533E+18
   5.485203E+18
   4.086944E+18
   3.177698E+18
   2.532050E+18
   2.191930E+18
   2.191930E+18
   2.191930E+18
   2.191930E+18
   2.191930E+18
   2.191930E+18
   2.191930E+18
   2.191930E+18
   2.191930E+18
   2.191930E+18
   2.191930E+18
   2.191930E+18
   2.191930E+18
   2.191930E+18
   2.191930E+18
   2.191930E+18
   2.191930E+18
   2.191930E+18
   2.191930E+18
   1.859812E+20
   1.859812E+20
   1.859812E+20
   1.859812E+20
   1.859812E+20
   1.859812E+20
   1.859812E+20
   1.859812E+20
   1.859812E+20
   1.859812E+20
   1.859812E+20
   1.859812E+20
   1.859812E+20
   1.859812E+20
   1.859812E+20
   1.859812E+20
   1.859812E+20
   1.859812E+20
   1.859812E+20
   1.859812E+20
   1.859812E+20
   1.859812E+20
   1.859812E+20
   1.859812E+20
   1.859812E+20
   1.859812E+20
   1.859812E+20
   1.859812E+20
   1.859812E+20
   1.859812E+20
   6.081379E+15
   1.559819E+16
   2.113676E+16
   2.384116E+16
   2.528048E+16
   2.611094E+16
   2.646402E+16
   2.643453E+16
   2.620229E+16
   2.598197E+16
   2.586707E+16
   2.595572E+16
   2.613495E+16
   2.639571E+16
   2.675072E+16
   2.721281E+16
   2.779049E+16
   2.861837E+16
   2.950072E+16
   3.041159E+16
   3.125295E+16
   3.231290E+16
   3.366533E+16
   3.611849E+16
   3.973659E+16
   4.577936E+16
   6.536768E+16
   3.043575E+17
   2.568800E+18
   1.969091E+18
   7.304572E+23
   7.304572E+23
   7.304572E+23
   7.304572E+23
   7.304572E+23
   7.304572E+23
   7.304572E+23
   7.304572E+23
   7.304572E+23
   7.304572E+23
   7.304572E+23
   7.304572E+23
   7.304572E+23
   7.304572E+23
   7.304572E+23
   7.304572E+23
   7.304572E+23
   7.304572E+23
   7.304572E+23
   7.304572E+23
   7.304572E+23
   7.304572E+23
   7.304572E+23
   7.304572E+23
   7.304572E+23
   7.304572E+23
   7.304572E+23
   7.304572E+23
   7.304572E+23
   7.304572E+23
   9.441808E-02
   1.597776E-02
   3.045367E-03
   6.429660E-04
   2.576877E-04
   1.347397E-04
   8.192411E-05
   5.436524E-05
   3.813919E-05
   2.769059E-05
   2.043317E-05
   1.618796E-05
   1.473608E-05
   1.322087E-05
   1.175884E-05
   1.030788E-05
   8.915624E-06
   7.592709E-06
   6.378323E-06
   5.231428E-06
   4.202433E-06
   3.315334E-06
   2.542889E-06
   1.863504E-06
   1.330802E-06
   9.270444E-07
   6.020709E-07
   3.334135E-07
   0.000000
   0.000000
   9.945824E-06
   2.552569E-05
   3.462218E-05
   3.909656E-05
   4.151389E-05
   4.293740E-05
   4.358115E-05
   4.359828E-05
   4.328255E-05
   4.298508E-05
   4.286160E-05
   4.307885E-05
   4.344612E-05
   4.395401E-05
   4.462272E-05
   4.547507E-05
   4.652774E-05
   4.800863E-05
   4.958917E-05
   5.123313E-05
   5.276994E-05
   5.469162E-05
   5.712674E-05
   6.146082E-05
   6.782460E-05
   7.841977E-05
   1.125181E-04
   5.333236E-04
   1.008184E-02
   0.000000
   266.250
   266.250
   266.250
   266.250
   266.250
   266.250
   266.250
   266.250
   266.250
   266.250
   266.250
   266.250
   266.250
   266.250
   266.250
   266.250
   266.250
   266.250
   266.250
   266.250
   266.250
   266.250
   266.250
   266.250
   266.250
   266.250
   266.250
   266.250
   266.250
   266.250
   156.803
   483.952
   829.211
   1182.90
   1548.60
   1932.33
   2337.03
   2764.74
   3217.25
   3696.29
   4203.61
   4741.02
   5310.33
   5913.36
   6551.94
   7227.86
   7942.82
   8698.37
   9495.84
   10336.4
   11221.1
   12151.4
   13129.4
   14158.8
   15245.0
   16397.2
   17629.0
   18961.0
   20424.3
   22066.7
   1000.40
   938.786
   874.789
   809.508
   743.920
   678.880
   615.132
   553.313
   493.958
   437.508
   384.314
   334.643
   288.684
   246.555
   208.307
   173.932
   143.365
   116.496
   93.1687
   73.1919
   56.3428
   42.3732
   31.0156
   21.9887
   15.0037
   9.76960
   5.99940
   3.41581
   1.75709
   0.782895
   0.280117
   969.593
   906.787
   842.149
   776.714
   711.400
   647.006
   584.222
   523.635
   465.733
   410.911
   359.479
   311.663
   267.620
   227.431
   191.120
   158.649
   129.931
   104.832
   83.1803
   64.7673
   49.3580
   36.6944
   26.5021
   18.4962
   12.3866
   7.88450
   4.70760
   2.58645
   1.26999
   0.531506
   268.961
   263.089
   245.955
   230.766
   222.850
   217.736
   214.134
   211.404
   209.236
   207.437
   205.857
   204.347
   202.776
   201.036
   199.017
   196.605
   193.676
   190.109
   185.793
   180.654
   174.673
   167.894
   160.422
   152.403
   144.005
   135.389
   126.685
   117.977
   109.293
   100.621
   298.387
   298.387
   298.387
   298.387
   298.387
   298.387
   298.387
   298.387
   298.387
   298.387
   298.387
   298.387
   298.387
   298.387
   298.387
   298.387
   298.387
   298.387
   298.387
   298.387
   298.387
   298.387
   298.387
   298.387
   298.387
   298.387
   298.387
   298.387
   298.387
   298.387
   0.200000
   0.200000
   0.200000
   0.200000
   0.200000
   0.200000
   0.200000
   0.200000
   0.200000
   0.200000
   0.200000
   0.200000
   0.200000
   0.200000
   0.200000
   0.200000
   0.200000
   0.200000
   0.200000
   0.200000
   0.200000
   0.200000
   0.200000
   0.200000
   0.200000
   0.200000
   0.200000
   0.200000
   0.200000
   0.200000
   0.000000
   0.000000
   0.000000
   0.000000
   0.000000
   0.000000
   0.000000
   0.000000
   0.000000
   0.000000
   0.000000
   0.000000
   0.800000
   0.000000
   0.000000
   0.000000
   0.000000
   0.000000
   0.000000
   0.000000
   0.000000
   0.000000
   0.000000
   0.000000
   0.000000
   0.000000
   0.000000
   0.000000
   0.000000
   0.000000
   0.000000
   0.000000
   0.000000
   0.000000
   0.000000
   0.000000
   0.000000
   0.000000
   0.000000
   0.000000
   0.000000
   0.000000
   0.000000
   0.000000
   0.000000
   0.000000
   0.000000
   0.000000
   0.000000
   0.000000
   0.000000
   0.000000
   0.000000
   0.000000
   0.000000
   0.000000
   0.000000
   0.000000
   0.000000
   0.000000
