20
2
0.3
1362.0
237.97087585030624,269.74697961095234,276.8394229473021,284.33971058036826,289.98186773872976,294.61463611782017,296.91355393187496,297.9678905346472,298.6031642248867,298.1134452588382,298.8248739523082,299.7560692260558,299.7663223177683,299.15196246719125,296.51910256076576,291.05146103259113,286.16985332115854,278.76123542332664,272.0334353017367,259.20942930454294
-6.5,-6.5,-6.5,-6.5,-6.5,-6.5,-6.5,-6.5,-6.5,-6.5,-6.5,-6.5,-6.5,-6.5,-6.5,-6.5,-6.5,-6.5,-6.5,-6.5
5000
0.00084
0.5
1
3e-06
230.0
4e-11
7e-10
235.0
5e-11
1.5e-09
2.060764935264464,3.057158055081054,3.609412751988368,4.055674247305392,4.766012759467108,5.072263297149669,4.873430210231569,4.794342517010645,5.059041846874392,5.290105474928415,5.706250243930321,6.129597766164472,5.226352639856483,4.2940368086095875,4.524303451998082,4.918286878842274,5.240586422718489,4.613758967962469,3.7093038167650825,1.9967087784905566
0.5893079217566817,0.8643995327343901,0.8593888646237703,0.7919732943789924,0.675525038397553,0.5941639125389456,0.5695373184686483,0.5896404230440626,0.609519738143153,0.6059456706313027,0.6795024606927889,0.6489333388463218,0.5441857755950787,0.5054381569963031,0.5384159254529873,0.6136728710542496,0.695299606596371,0.7475346617706493,0.7280151080646524,0.6532475927137739
7.308381399527633,5.871128549378497,5.159836662076559,4.293179707233755,3.4674274256778954,3.069233369158993,3.106957425,3.215225095357212,3.3771932967157188,3.3744179787046464,3.4648420599208767,3.192946511054761,2.750010749701961,3.0550632974943372,3.2438098037365326,3.477012501110561,3.9672622493091696,4.561584727876467,4.820465510229751,10.589717300806917
10.0
0.8546710474839896,0.19351466769653597,0.08455976101053529,0.05381176869805358,0.059514158839763756,0.0625856158909298,0.06601580825319865,0.06793191855589169,0.07040358862571995,0.07208986540643923,0.07336132150108748,0.07798311172874647,0.09123264119256785,0.10975350648796069,0.1084171869529833,0.10476851759919609,0.12230862634097861,0.17992235785143446,0.25076766041130344,0.5294944004618345
350.0,350.0,350.0,350.0,350.0,350.0,350.0,350.0,350.0,350.0,350.0,350.0,350.0,350.0,350.0,350.0,350.0,350.0,350.0,350.0
30
2.0
0
0
0
260.0
0
0.8,0.8,0.8,0.8,0.8,0.8,0.8,0.8,0.8,0.8,0.8,0.8,0.8,0.8,0.8,0.8,0.8,0.8,0.8,0.8
0
1.0
0
1
1
1
30
0.1
4.0
1.0
0.00084
1.0
0.0
1.0
1
1
2.0
0.2
0
0
-77.07903361841645,-58.644084795494436,-48.778553177480845,-40.648450823324865,-33.43494882292201,-26.78908923910091,-20.517890800961958,-14.497281078268786,-8.638064755041135,-2.8695852386333924,2.8695852386333955,8.638064755041144,14.497281078268795,20.51789080096197,26.789089239100917,33.43494882292201,40.64845082332487,48.77855317748085,58.644084795494436,77.07903361841645
0.0
1
288
268
0.785
0.25
0.25
0.75
6370000.0
7.29e-05
-90.0,-64.15806723683288,-53.13010235415599,-44.4270040008057,-36.86989764584402,-29.999999999999996,-23.578178478201824,-17.457603123722087,-11.536959032815485,-5.739170477266785,0.0,5.739170477266791,11.536959032815497,17.457603123722095,23.578178478201842,29.999999999999996,36.86989764584403,44.42700400080572,53.13010235415599,64.15806723683289,90.0
10.0
0.00096
0
0
0.5
2.0,2.0,2.0,2.0,2.0,2.0,2.0,2.0,2.0,2.0,2.0,2.0,2.0,2.0,2.0,2.0,2.0,2.0,2.0,2.0
10000000000.0
1
1
1.0
1.0
1.0
1.0
1000.0
950.0
1000000.0
0.0
1000000.0
0.0
1
1
1
1000.0
1
0.0004
30
0.4
20.0
5.0
7.0
1
1
0
1
1
1
0.25
$