    265.3582
    263.9388
    262.4695
    260.9468
    259.5148
    259.4749
    265.0078
    263.9810
    263.9164
    263.6614
    263.4446
    261.2972
    259.3542
    262.6391
    262.4905
    261.9927
    259.1048
    258.9531
    260.7050
    259.9677
    260.0146
    259.7111
    258.8434
    260.5458
    263.0852
    263.0839
    262.8278
    262.1391
    260.6146
    258.3400
    255.9130
    265.3582
    263.8160
    262.2283
    260.5923
    263.4485
    262.8214
    263.0414
    262.4299
    262.4881
    261.7391
    260.7780
    259.1610
    258.4213
    259.0691
    259.2006
    258.3810
    257.2179
    255.6734
    255.0921
    255.5041
    254.3055
    252.6907
    251.0753
    253.5034
    257.8145
    259.1059
    259.7539
    259.0853
    256.2915
    252.1872
    247.7718
    265.3582
    263.6739
    261.9407
    260.1555
    264.5372
    263.1638
    262.9490
    261.2202
    260.8453
    259.9020
    258.7637
    257.9308
    256.0891
    255.3350
    255.8708
    254.7982
    253.5521
    251.7473
    250.5745
    250.5772
    248.6211
    246.2091
    244.2357
    246.6372
    251.6731
    253.8765
    255.8965
    255.8876
    252.1370
    246.7205
    240.9054
    265.3582
    263.7482
    262.0925
    260.3880
    263.5032
    262.6240
    263.0248
    261.0223
    259.4619
    258.1993
    256.8763
    255.8050
    253.7739
    252.6468
    252.8004
    251.7123
    250.3288
    248.6009
    246.9969
    245.9700
    244.7691
    241.6479
    238.9532
    241.9529
    246.8374
    249.9141
    252.2756
    252.1350
    248.1893
    242.0603
    235.3567
    265.3582
    263.9016
    262.4030
    260.8600
    259.2544
    257.5787
    261.5454
    259.7343
    258.0780
    256.5610
    255.1040
    253.8960
    251.6589
    249.3086
    250.2366
    248.8251
    247.2082
    244.4206
    242.4331
    241.9376
    240.8682
    238.1525
    236.0334
    239.3105
    244.3886
    247.6288
    249.1820
    248.2452
    244.3579
    238.1682
    231.1690
