NUMANGS:  0
NSTR:  0
  LAY  BAND  WVN1    WVN2     ABS OD    SUM(ABS OD)  
                                         BY BLOCK    
   22   1    10.0   120.0  0.00000E+00  0.00000E+00
   22   2   120.0   350.0  0.00000E+00  0.00000E+00
   22   3   350.0   500.0  0.00000E+00  0.00000E+00
   22   4   500.0   630.0  0.00000E+00  0.00000E+00
   22   5   630.0   700.0  0.00000E+00  0.00000E+00
   22   6   700.0   820.0  0.00000E+00  0.00000E+00
   22   7   820.0  1000.0  0.00000E+00  0.00000E+00
   22   8  1000.0  1110.0  0.00000E+00  0.00000E+00
   22   9  1110.0  1210.0  0.00000E+00  0.00000E+00
   22  10  1210.0  1430.0  0.00000E+00  0.00000E+00
   22  11  1430.0  1810.0  0.00000E+00  0.00000E+00
   22  12  1810.0  2080.0  0.00000E+00  0.00000E+00
   22  13  2080.0  2250.0  0.00000E+00  0.00000E+00
   22  14  2250.0  2700.0  0.00000E+00  0.00000E+00
   22  15  2700.0  3250.0  0.00000E+00  0.00000E+00
   22  16     0.0     0.0  0.00000E+00  0.00000E+00
