-90	,	-3.984018117
-89.68057749	,	-3.984018117
-89.36656891	,	-3.992461986
-88.73855177	,	-4.012164348
-88.26753891	,	-4.026237464
-87.63952177	,	-4.041717891
-87.3255132	,	-4.052976383
-87.16850891	,	-4.062827564
-86.85450034	,	-4.079715302
-86.85450034	,	-4.071271433
-86.38348748	,	-4.10504691
-86.54049177	,	-4.090973795
-86.06947891	,	-4.120527337
-85.91247462	,	-4.130378518
-85.59846605	,	-4.147266257
-85.59846605	,	-4.138822388
-85.12745319	,	-4.166968619
-85.28445748	,	-4.155710126
-84.49943605	,	-4.178227111
-83.8714189	,	-4.189485603
-83.24340176	,	-4.203558719
-82.61538462	,	-4.210595277
-81.98736747	,	-4.203558719
-81.35935033	,	-4.193707538
-80.73133318	,	-4.183856357
-80.10331604	,	-4.175412488
-79.47529889	,	-4.175412488
-78.84728175	,	-4.178227111
-78.21926461	,	-4.178227111
-77.43424318	,	-4.18667098
-77.1202346	,	-4.209187965
-77.1202346	,	-4.197929473
-76.64922175	,	-4.234519573
-76.80622603	,	-4.220446457
-76.49221746	,	-4.248592688
-76.17820889	,	-4.265480427
-76.17820889	,	-4.257036558
-75.70719603	,	-4.285182789
-75.86420032	,	-4.273924296
-75.55019174	,	-4.299255904
-75.23618317	,	-4.316143643
-75.23618317	,	-4.307699774
-74.9221746	,	-4.34991912
-74.9221746	,	-4.338660628
-74.9221746	,	-4.327402135
-74.60816603	,	-4.383694597
-74.60816603	,	-4.361177612
-74.29415746	,	-4.417470074
-74.29415746	,	-4.406211582
-74.29415746	,	-4.39495309
-73.98014888	,	-4.451245552
-73.98014888	,	-4.439987059
-73.98014888	,	-4.428728567
-73.50913603	,	-4.482206406
-73.66614031	,	-4.46813329
-73.66614031	,	-4.459689421
-73.19512745	,	-4.508945325
-73.35213174	,	-4.496279521
-73.03812317	,	-4.530054998
-73.03812317	,	-4.518796506
-72.7241146	,	-4.563830476
-72.7241146	,	-4.552571983
-72.7241146	,	-4.541313491
-72.41010602	,	-4.597605953
-72.41010602	,	-4.58634746
-72.41010602	,	-4.575088968
-71.93909316	,	-4.639825299
-72.09609745	,	-4.628566807
-72.09609745	,	-4.614493691
-72.09609745	,	-4.606049822
-71.78208888	,	-4.665156907
-71.78208888	,	-4.653898415
-71.46808031	,	-4.698932384
-71.46808031	,	-4.687673892
-71.46808031	,	-4.679230023
-70.99706745	,	-4.727078615
-71.15407173	,	-4.715820123
-71.15407173	,	-4.707376254
-70.84006316	,	-4.7495956
-70.84006316	,	-4.738337108
-70.52605459	,	-4.777741831
-70.52605459	,	-4.766483339
-70.52605459	,	-4.758039469
-70.21204602	,	-4.811517308
-70.21204602	,	-4.800258816
-70.21204602	,	-4.789000324
-69.74103316	,	-4.848107409
-69.89803745	,	-4.822775801
-69.58402887	,	-4.873439016
-69.58402887	,	-4.862180524
-69.2700203	,	-4.895956001
-69.2700203	,	-4.884697509
-68.79900744	,	-4.925509544
-68.95601173	,	-4.91284374
-68.48499887	,	-4.94943384
-68.64200316	,	-4.935360725
-68.32799459	,	-4.963506956
-68.01398601	,	-4.991653187
-68.01398601	,	-4.980394694
-68.01398601	,	-4.971950825
-67.69997744	,	-5.019799418
-67.69997744	,	-5.008540925
-67.69997744	,	-5.000097056
-67.38596887	,	-5.047945649
-67.38596887	,	-5.03105791
-67.0719603	,	-5.07609188
-67.0719603	,	-5.064833387
-67.0719603	,	-5.056389518
-66.75795173	,	-5.098608864
-66.75795173	,	-5.087350372
-66.28693887	,	-5.123940472
-66.44394315	,	-5.109867357
-66.12993458	,	-5.138013588
-65.81592601	,	-5.160530573
-65.81592601	,	-5.14927208
-65.50191744	,	-5.188676804
-65.50191744	,	-5.177418311
-65.50191744	,	-5.168974442
-65.18790887	,	-5.216823035
-65.18790887	,	-5.199935296
-64.71689601	,	-5.246376577
-64.87390029	,	-5.233710773
-64.87390029	,	-5.225266904
-64.55989172	,	-5.26748625
-64.55989172	,	-5.256227758
-64.08887886	,	-5.291410547
-64.24588315	,	-5.278744743
-63.77487029	,	-5.315334843
-63.93187458	,	-5.301261728
-63.617866	,	-5.329407959
-63.14685315	,	-5.358961501
-63.30385743	,	-5.346295697
-63.30385743	,	-5.337851828
-62.98984886	,	-5.380071174
-62.98984886	,	-5.368812682
-62.67584029	,	-5.408217405
-62.67584029	,	-5.391329667
-62.36183172	,	-5.43073439
-62.36183172	,	-5.419475898
-62.04782314	,	-5.447622129
-62.04782314	,	-5.439178259
-61.57681029	,	-5.470139114
-61.73381457	,	-5.458880621
-61.419806	,	-5.481397606
-61.10579743	,	-5.498285345
-61.10579743	,	-5.489841475
-60.79178886	,	-5.520802329
-60.79178886	,	-5.509543837
-60.47778028	,	-5.543319314
-60.47778028	,	-5.532060822
-60.16377171	,	-5.563021676
-60.16377171	,	-5.551763183
-59.84976314	,	-5.571465545
-59.53575457	,	-5.582724038
-59.221746	,	-5.59398253
-58.75073314	,	-5.606648334
-58.59372885	,	-5.616499515
-58.27972028	,	-5.627758007
-57.96571171	,	-5.6390165
-57.65170314	,	-5.647460369
-57.18069028	,	-5.65731155
-56.55267313	,	-5.665755419
-55.92465599	,	-5.672791977
-55.29663885	,	-5.682643158
-54.6686217	,	-5.686865092
-54.04060456	,	-5.686865092
-53.41258741	,	-5.686865092
-52.94157455	,	-5.686865092
-51.52853598	,	-5.692494338
-50.90051884	,	-5.692494338
-50.27250169	,	-5.692494338
-49.64448455	,	-5.692494338
-49.0164674	,	-5.692494338
-48.07444169	,	-5.698123585
-47.44642454	,	-5.698123585
-46.8184074	,	-5.698123585
-46.19039025	,	-5.703752831
-45.56237311	,	-5.703752831
-44.93435597	,	-5.703752831
-44.30633882	,	-5.703752831
-43.67832168	,	-5.703752831
-43.05030453	,	-5.703752831
-42.42228739	,	-5.703752831
-41.79427025	,	-5.696716273
-41.1662531	,	-5.689679715
-40.53823596	,	-5.684050469
-39.91021881	,	-5.6756066
-39.28220167	,	-5.658718861
-38.65418453	,	-5.641831123
-38.18317167	,	-5.63057263
-37.71215881	,	-5.619314138
-37.08414166	,	-5.602426399
-36.77013309	,	-5.589760595
-36.45612452	,	-5.578502103
-36.14211595	,	-5.56724361
-35.5140988	,	-5.551763183
-35.20009023	,	-5.539097379
-34.57207309	,	-5.529246199
-33.94405594	,	-5.517987706
-33.3160388	,	-5.506729214
-32.68802166	,	-5.496878033
-32.06000451	,	-5.498285345
-31.43198737	,	-5.509543837
-30.80397022	,	-5.516580395
-30.33295737	,	-5.523616952
-29.86194451	,	-5.533468133
-29.70494022	,	-5.543319314
-29.39093165	,	-5.554577807
-29.07692308	,	-5.571465545
-29.07692308	,	-5.563021676
-28.7629145	,	-5.582724038
-28.29190165	,	-5.595389841
-28.13489736	,	-5.605241022
-27.82088879	,	-5.616499515
-27.50688022	,	-5.633387253
-27.50688022	,	-5.624943384
-27.03586736	,	-5.658718861
-27.19287164	,	-5.641831123
-26.87886307	,	-5.672791977
-26.5648545	,	-5.689679715
-26.5648545	,	-5.681235846
-26.09384164	,	-5.707974765
-26.25084593	,	-5.698123585
-25.93683736	,	-5.717825946
-25.62282878	,	-5.734713685
-25.62282878	,	-5.726269816
-25.30882021	,	-5.751601423
-25.30882021	,	-5.743157554
-24.99481164	,	-5.768489162
-24.99481164	,	-5.760045293
-24.52379878	,	-5.79382077
-24.68080307	,	-5.779747654
-24.3667945	,	-5.807893885
-24.05278592	,	-5.824781624
-24.05278592	,	-5.816337755
-23.58177307	,	-5.843076674
-23.73877735	,	-5.833225493
-23.42476878	,	-5.852927855
-23.11076021	,	-5.869815594
-23.11076021	,	-5.861371724
-22.79675164	,	-5.886703332
-22.79675164	,	-5.878259463
-22.32573878	,	-5.909220317
-22.48274306	,	-5.895147202
-22.16873449	,	-5.920478809
-21.85472592	,	-5.937366548
-21.85472592	,	-5.928922679
-21.38371306	,	-5.955661598
-21.54071735	,	-5.945810417
-21.06970449	,	-5.966920091
-20.9127002	,	-5.976771271
-20.59869163	,	-5.99365901
-20.59869163	,	-5.985215141
-20.28468306	,	-6.010546749
-20.28468306	,	-6.002102879
-19.8136702	,	-6.028841799
-19.97067449	,	-6.018990618
-19.65666591	,	-6.03869298
-19.34265734	,	-6.049951472
-19.02864877	,	-6.061209964
-18.7146402	,	-6.072468457
-18.40063163	,	-6.083726949
-17.92961877	,	-6.102021999
-18.08662305	,	-6.092170819
-17.77261448	,	-6.11187318
-17.45860591	,	-6.123131673
-17.14459734	,	-6.134390165
-16.67358448	,	-6.14846328
-16.04556734	,	-6.165351019
-16.20257162	,	-6.154092527
-15.57455448	,	-6.179424135
-15.26054591	,	-6.190682627
-14.78953305	,	-6.204755742
-14.31852019	,	-6.216014235
-13.84750733	,	-6.227272727
-13.37649447	,	-6.235716597
-12.90548162	,	-6.249789712
-12.27746447	,	-6.263862828
-11.64944733	,	-6.27512132
-11.02143018	,	-6.286379812
-10.39341304	,	-6.300452928
-9.765395894	,	-6.308896797
-9.13737875	,	-6.314526043
-8.509361606	,	-6.321562601
-7.881344462	,	-6.33000647
-7.253327318	,	-6.334228405
-6.625310174	,	-6.337043028
-5.99729303	,	-6.339857651
-5.526280171	,	-6.339857651
-4.741258741	,	-6.345486897
-4.113241597	,	-6.345486897
-3.485224453	,	-6.345486897
-2.857207309	,	-6.345486897
-2.229190165	,	-6.345486897
-1.287164448	,	-6.351116144
-0.659147304	,	-6.351116144
-0.03113016	,	-6.353930767
0.596886984	,	-6.358152701
1.224904128	,	-6.362374636
1.852921272	,	-6.368003882
2.480938416	,	-6.373633128
3.108955561	,	-6.379262375
3.736972705	,	-6.384891621
4.364989849	,	-6.391928179
4.993006993	,	-6.397557425
5.621024137	,	-6.401779359
6.249041281	,	-6.407408606
6.877058425	,	-6.413037852
7.50507557	,	-6.415852475
8.133092714	,	-6.418667098
8.761109858	,	-6.418667098
9.389127002	,	-6.418667098
10.01714415	,	-6.418667098
10.64516129	,	-6.418667098
11.27317843	,	-6.413037852
11.90119558	,	-6.413037852
12.52921272	,	-6.407408606
13.15722987	,	-6.398964736
13.78524701	,	-6.391928179
14.41326416	,	-6.382076998
15.0412813	,	-6.37504044
15.66929844	,	-6.35674539
16.1403113	,	-6.348301521
16.45431987	,	-6.339857651
16.92533273	,	-6.328599159
17.39634559	,	-6.32015529
17.71035416	,	-6.308896797
18.02436273	,	-6.297638305
18.49537559	,	-6.283565189
18.80938416	,	-6.270899385
19.43740131	,	-6.255418958
19.90841417	,	-6.241345843
20.22242274	,	-6.232901973
20.37942702	,	-6.22023617
20.53643131	,	-6.210384989
20.85043988	,	-6.201941119
21.32145274	,	-6.187868004
21.63546131	,	-6.1752022
21.94946988	,	-6.163943708
22.10647417	,	-6.154092527
22.42048274	,	-6.145648657
22.73449132	,	-6.134390165
22.73449132	,	-6.125946296
23.04849989	,	-6.117502426
23.36250846	,	-6.106243934
23.67651703	,	-6.094985442
23.83352132	,	-6.085134261
24.30453418	,	-6.072468457
24.61854275	,	-6.061209964
24.61854275	,	-6.052766095
24.93255132	,	-6.044322226
25.24655989	,	-6.033063733
25.24655989	,	-6.024619864
25.56056846	,	-6.016175995
25.87457704	,	-6.004917502
26.18858561	,	-5.99365901
26.50259418	,	-5.982400518
26.81660275	,	-5.971142025
27.13061132	,	-5.959883533
27.13061132	,	-5.951439664
27.4446199	,	-5.942995794
27.75862847	,	-5.931737302
28.07263704	,	-5.920478809
28.5436499	,	-5.906405694
28.85765847	,	-5.89373989
29.17166704	,	-5.882481398
29.48567561	,	-5.871222905
29.6426799	,	-5.861371724
30.11369276	,	-5.850113232
30.7417099	,	-5.833225493
31.21272276	,	-5.824781624
31.52673133	,	-5.816337755
31.99774419	,	-5.805079262
32.62576134	,	-5.791006147
33.25377848	,	-5.785376901
33.88179562	,	-5.781154966
34.50981277	,	-5.776933031
35.13782991	,	-5.771303785
35.76584706	,	-5.776933031
36.3938642	,	-5.782562278
37.02188134	,	-5.785376901
37.64989849	,	-5.788191524
38.27791563	,	-5.79382077
38.90593278	,	-5.796635393
39.53394992	,	-5.799450016
40.16196707	,	-5.800857328
40.78998421	,	-5.799450016
41.41800135	,	-5.799450016
42.0460185	,	-5.799450016
42.67403564	,	-5.79382077
43.30205279	,	-5.791006147
43.93006993	,	-5.785376901
44.55808707	,	-5.782562278
45.18610422	,	-5.776933031
45.81412136	,	-5.774118408
46.44213851	,	-5.771303785
47.07015565	,	-5.765674539
47.69817279	,	-5.765674539
48.32618994	,	-5.765674539
48.95420708	,	-5.764267227
49.58222423	,	-5.761452604
50.21024137	,	-5.761452604
50.83825852	,	-5.765674539
51.46627566	,	-5.765674539
52.0942928	,	-5.765674539
52.72230995	,	-5.765674539
53.35032709	,	-5.765674539
53.97834424	,	-5.765674539
54.60636138	,	-5.765674539
55.23437852	,	-5.762859916
55.86239567	,	-5.753008735
56.49041281	,	-5.745972177
57.11842996	,	-5.73893562
57.58944282	,	-5.731899062
57.90345139	,	-5.723455192
58.21745996	,	-5.7121967
58.68847282	,	-5.698123585
59.31648996	,	-5.681235846
59.94450711	,	-5.664348107
60.25851568	,	-5.650274992
60.41551996	,	-5.636201876
60.72952854	,	-5.627758007
60.88653282	,	-5.617906826
61.04353711	,	-5.608055645
61.35754568	,	-5.599611776
61.51454997	,	-5.589760595
61.82855854	,	-5.578502103
62.14256711	,	-5.56724361
62.2995714	,	-5.55739243
62.61357997	,	-5.54894856
62.61357997	,	-5.540504691
62.92758854	,	-5.532060822
62.92758854	,	-5.520802329
63.24159711	,	-5.509543837
63.24159711	,	-5.501099968
63.55560568	,	-5.492656098
63.55560568	,	-5.484212229
63.86961426	,	-5.47576836
64.02661854	,	-5.465917179
64.18362283	,	-5.456065998
64.4976314	,	-5.447622129
64.4976314	,	-5.439178259
64.81163997	,	-5.43073439
64.81163997	,	-5.419475898
65.12564855	,	-5.411032028
65.12564855	,	-5.399773536
65.43965712	,	-5.391329667
65.43965712	,	-5.380071174
65.75366569	,	-5.368812682
65.75366569	,	-5.360368813
66.06767426	,	-5.351924943
66.22467855	,	-5.337851828
66.53868712	,	-5.325186024
66.69569141	,	-5.31252022
67.00969998	,	-5.301261728
67.00969998	,	-5.292817858
67.32370855	,	-5.284373989
67.32370855	,	-5.273115497
67.63771712	,	-5.261857004
67.79472141	,	-5.247783889
67.95172569	,	-5.233710773
68.26573427	,	-5.222452281
68.26573427	,	-5.214008412
68.57974284	,	-5.205564542
68.73674712	,	-5.195713361
69.0507557	,	-5.180232934
69.36476427	,	-5.163345196
69.52176855	,	-5.14927208
69.83577713	,	-5.140828211
69.99278141	,	-5.123940472
70.1497857	,	-5.109867357
70.46379427	,	-5.098608864
70.46379427	,	-5.090164995
70.77780284	,	-5.081721126
71.09181141	,	-5.070462633
71.2488157	,	-5.060611453
71.40581999	,	-5.050760272
71.71982856	,	-5.042316402
71.71982856	,	-5.033872533
72.03383713	,	-5.025428664
72.19084142	,	-5.015577483
72.3478457	,	-5.002911679
72.66185427	,	-4.991653187
72.81885856	,	-4.981802006
72.97586285	,	-4.971950825
73.4468757	,	-4.960692333
73.60387999	,	-4.94943384
73.91788856	,	-4.940989971
74.23189714	,	-4.929731478
74.23189714	,	-4.921287609
74.54590571	,	-4.91284374
74.54590571	,	-4.904399871
74.85991428	,	-4.895956001
75.01691857	,	-4.88610482
75.17392285	,	-4.873439016
75.48793142	,	-4.862180524
75.64493571	,	-4.852329343
75.95894428	,	-4.841070851
76.27295285	,	-4.825590424
76.58696143	,	-4.808702685
76.74396571	,	-4.79462957
77.05797428	,	-4.7861857
77.05797428	,	-4.774927208
77.37198286	,	-4.766483339
77.52898714	,	-4.752410223
77.68599143	,	-4.738337108
78	,	-4.727078615
78.15700429	,	-4.7130055
78.47101286	,	-4.696117761
78.62801714	,	-4.682044646
78.94202572	,	-4.670786153
78.94202572	,	-4.659527661
79.25603429	,	-4.648269169
79.25603429	,	-4.637010676
79.41303857	,	-4.627159495
79.57004286	,	-4.608864445
79.88405143	,	-4.597605953
79.88405143	,	-4.58634746
80.19806	,	-4.575088968
80.19806	,	-4.566645099
80.51206858	,	-4.558201229
80.66907286	,	-4.546942737
80.82607715	,	-4.535684245
81.14008572	,	-4.524425752
81.29709001	,	-4.510352637
81.45409429	,	-4.496279521
81.61109858	,	-4.48642834
81.92510715	,	-4.465318667
82.08211144	,	-4.451245552
82.39612001	,	-4.439987059
82.39612001	,	-4.428728567
82.86713287	,	-4.414655451
83.33814573	,	-4.400582336
83.6521543	,	-4.389323843
83.96616287	,	-4.378065351
84.28017144	,	-4.366806859
84.59418001	,	-4.355548366
84.90818859	,	-4.344289874
85.69321002	,	-4.341475251
86.32122716	,	-4.335846005
86.9492443	,	-4.335846005
87.57726145	,	-4.335846005
88.20527859	,	-4.335846005
88.83329574	,	-4.338660628
89.46131288	,	-4.341475251
90	,	-4.341475251