0.7008221911150706
0.3343254273272841
0.08686965058946602
0.06278480521173829
0.06319411641367548
0.06501283720672578
0.07311997393672534
0.08814295406005053
0.0899408789825907
0.08888828800764421
0.08692633812700788
0.08235762242248285
0.0777210879368713
0.08027199534919793
0.07971316037787499
0.07866512633935471
0.07927881210574685
0.0853987203116149
0.10466906521648842
0.1231018563180095
0.1282517324562802
0.12725954021177815
0.1336684269162648
0.12944526447760812
0.13099045566236753
0.13977133964571462
0.15797047644124368
0.1682930914879467
0.26907677702318905
0.47767364608791296
