2.640083233179647e-08
2.7356010616729738e-08
2.8870669316808432e-08
3.0435209471970005e-08
3.2007422288906135e-08
3.3618604191874394e-08
3.524373742840425e-08
3.687162201066488e-08
3.8556929908920615e-08
4.0242598733724254e-08
4.1909298534826215e-08
4.3553060557353204e-08
4.5243160321811376e-08
4.702906067041521e-08
4.906123902381611e-08
5.1559993358657554e-08
5.482816634971143e-08
6.006049627082255e-08
6.90783208919131e-08
8.463054651891411e-08
1.1796322010295505e-07
1.7710440580394058e-07
2.6141026458851644e-07
3.732922538848126e-07
5.122591209368511e-07
7.542021197509978e-07
1.3010980685872735e-06
2.575403985299288e-06
4.701312402909288e-06
7.403230430270923e-06
&