3.34611542607e-08
4.4174087412e-08
5.07639239556e-08
5.60023664697e-08
6.12581795388e-08
6.55837652325e-08
6.93797153483e-08
7.2579459528e-08
7.47777766477e-08
7.66898225849e-08
7.83457279432e-08
7.98751885266e-08
8.14475963315e-08
8.31256073715e-08
8.52729255955e-08
8.80142168179e-08
9.14244806109e-08
9.69055325308e-08
1.04954086521e-07
1.16312027311e-07
1.3740869488e-07
1.74112390461e-07
2.24889231587e-07
3.11025046697e-07
4.26146420761e-07
5.78126117553e-07
9.26022423331e-07
2.32539000905e-06
6.76602470043e-06
4.62497862278e-06
&