1.62349906269e-08
2.7439728911e-08
3.72383666069e-08
4.56193742406e-08
5.07403755127e-08
5.48194265832e-08
5.79347246074e-08
6.00790545261e-08
6.19064014184e-08
6.34357123709e-08
6.43571918028e-08
6.50077562083e-08
6.54344399602e-08
6.56325429269e-08
6.57408376036e-08
6.57738269637e-08
6.56899562411e-08
6.56060855185e-08
6.55254152649e-08
6.54679484116e-08
6.54104815584e-08
6.53750772547e-08
6.54736241447e-08
6.55721710347e-08
6.56891241087e-08
6.59015592625e-08
6.61139944162e-08
6.63325922356e-08
6.65789220502e-08
6.68252518648e-08
6.71161771137e-08
6.75832543278e-08
6.80503315419e-08
6.85827682664e-08
6.9343963277e-08
7.01051582876e-08
7.09003208246e-08
7.18016318815e-08
7.27029429384e-08
7.36048672418e-08
7.45085133525e-08
7.54121594631e-08
7.64102551808e-08
7.76478481159e-08
7.8885441051e-08
8.03686610505e-08
8.24168232979e-08
8.53639246304e-08
8.89822744668e-08
9.3573506217e-08
1.00220606076e-07
1.09654717451e-07
1.23630871857e-07
1.62054522112e-07
3.11726546745e-07
6.48741744796e-07
1.59819617169e-06
3.98222755893e-06
8.71028506634e-06
1.60622927974e-05
&