2.8815617332239388e-08
4.4128751023540926e-08
5.2015332030278595e-08
5.7435903256878614e-08
6.178533272715597e-08
6.447530332546684e-08
6.605201650232435e-08
6.697079635653681e-08
6.757793840276243e-08
6.810559476550117e-08
6.860338276531897e-08
6.923932893563626e-08
6.999776826257972e-08
7.088466247186877e-08
7.18937062471325e-08
7.314319005897066e-08
7.469624251277153e-08
7.668941501314163e-08
7.902623094805208e-08
8.173278537282445e-08
8.504437316908018e-08
8.944274437720971e-08
9.515738631803692e-08
1.0424631991112764e-07
1.1882702337537857e-07
1.420458706955614e-07
2.0675377747279122e-07
7.938021075617667e-07
3.767547385493325e-06
1.1799751465822338e-05
&