2.815552098896783e-08
3.8073850184684356e-08
4.615815980902449e-08
5.272414073851529e-08
5.797374397468487e-08
6.214191475928031e-08
6.536654501317758e-08
6.80625891896406e-08
7.033799976859255e-08
7.245588335657888e-08
7.440811342352562e-08
7.64083195461988e-08
7.855533353690635e-08
8.091912446928092e-08
8.396382767213179e-08
8.784858420884143e-08
9.270329378828535e-08
1.0119777724676211e-07
1.1503239429180762e-07
1.365109657929595e-07
1.8328594798451686e-07
2.714113052656871e-07
3.939994377835146e-07
5.81253809207957e-07
7.838522670087979e-07
1.0764745046052711e-06
1.7074074093643227e-06
3.3306277611366422e-06
6.590200918967662e-06
4.463443494033721e-06
&