3.2135347665314454e-08
4.2161546026847243e-08
5.10216727693846e-08
5.779187801956241e-08
6.237717135275377e-08
6.606956484092016e-08
6.932364298777298e-08
7.216874619054167e-08
7.466818876462765e-08
7.655499055137443e-08
7.781550282439585e-08
7.879796073832121e-08
7.960461177391793e-08
8.023873787947531e-08
8.064324712141725e-08
8.086542709221083e-08
8.086147995570913e-08
8.085747634092454e-08
8.080501618206827e-08
8.070350192769715e-08
8.060198767332601e-08
8.051495003305322e-08
8.046167165682608e-08
8.04143131001797e-08
8.04187841672264e-08
8.047379183783701e-08
8.052879950844757e-08
8.064635061040327e-08
8.089051495802086e-08
8.113467930563844e-08
8.151203268522295e-08
8.203994578814862e-08
8.25678588910743e-08
8.324098156954179e-08
8.424805247608882e-08
8.525512338263586e-08
8.636329176440248e-08
8.7664111244496e-08
8.89649307245895e-08
9.05499448119836e-08
9.280325475118031e-08
9.505656469037703e-08
9.774260417823938e-08
1.0102366642789804e-07
1.0430472867755674e-07
1.0831709135960297e-07
1.1347852701311295e-07
1.2100085502090685e-07
1.3047175054117094e-07
1.4089435400418726e-07
1.5477976965479863e-07
1.7434335953988948e-07
2.035510592580108e-07
2.762074750983696e-07
5.540640489984189e-07
9.96602058270313e-07
2.1550766106729914e-06
4.564920341324393e-06
8.70421271249743e-06
1.3424173552182978e-05
&