3.0285141517010844e-08
4.0925167307142135e-08
5.0352936673070744e-08
5.79031916091905e-08
6.326991118465606e-08
6.723902291382488e-08
7.046826231944089e-08
7.30359373330144e-08
7.521063292360929e-08
7.682530779089938e-08
7.787919167059382e-08
7.86229519797639e-08
7.916592780690523e-08
7.953345252470253e-08
7.983015997730589e-08
7.997416432887522e-08
7.989800912070503e-08
7.982983361778594e-08
7.97174716996855e-08
7.956037847289831e-08
7.94032852461111e-08
7.925641062774567e-08
7.91466373687154e-08
7.904906113846627e-08
7.899507158492793e-08
7.89835813289852e-08
7.897209107304247e-08
7.90141710594097e-08
7.915737318329138e-08
7.930057530717308e-08
7.957350862929244e-08
7.998321914476996e-08
8.039292966024746e-08
8.094126260877366e-08
8.179661303278344e-08
8.265196345679325e-08
8.35970520809881e-08
8.470926972141894e-08
8.582148736184977e-08
8.714221235384452e-08
8.897298072195954e-08
9.08037490900746e-08
9.293712356783898e-08
9.551127899379406e-08
9.808543441974914e-08
1.01227742688143e-07
1.0526973133893067e-07
1.1125410557949126e-07
1.1891139131931312e-07
1.2747434606091933e-07
1.3918917318200026e-07
1.5609559836271562e-07
1.818000864804003e-07
2.467716706270375e-07
5.072070111283958e-07
9.255266716718406e-07
2.0331682314841703e-06
4.424185365474884e-06
8.682383465753546e-06
1.3636309175619627e-05
&