1.4259656167227562e-08
1.892606472194201e-08
2.3592473276656385e-08
2.825888183137084e-08
3.261170469842114e-08
3.595705014340149e-08
3.93023955883819e-08
4.264774103336231e-08
4.526569376914299e-08
4.7078871592617684e-08
4.889204941609238e-08
5.0705227239567036e-08
5.204210491699907e-08
5.3186435726881946e-08
5.4330766536764795e-08
5.5475097346647664e-08
5.6230767570225125e-08
5.69657643583608e-08
5.770076114649649e-08
5.8393465998533576e-08
5.890214377727683e-08
5.941082155602009e-08
5.991949933476333e-08
6.034072229176552e-08
6.064325656211909e-08
6.094579083247265e-08
6.124832510282621e-08
6.146864571745969e-08
6.164691812649588e-08
6.182519053553207e-08
6.200346294456826e-08
6.204963512107939e-08
6.208096457483487e-08
6.211229402859038e-08
6.213062096806801e-08
6.206659865045246e-08
6.200257633283691e-08
6.193855401522135e-08
6.18538950227121e-08
6.173465565605663e-08
6.161541628940117e-08
6.14961769227457e-08
6.137693755609024e-08
6.125769818943477e-08
6.113845882277932e-08
6.101921945612385e-08
6.095706340206862e-08
6.090510079669199e-08
6.085313819131535e-08
6.080117558593872e-08
6.074921298056209e-08
6.069725037518547e-08
6.064528776980884e-08
6.062875453660854e-08
6.068640155140242e-08
6.074404856619631e-08
6.080169558099019e-08
6.085934259578409e-08
6.091698961057797e-08
6.097463662537185e-08
6.103228364016574e-08
6.113803528043817e-08
6.125596530690767e-08
6.137389533337719e-08
6.14918253598467e-08
6.160975538631621e-08
6.172768541278573e-08
6.184561543925524e-08
6.197595301813528e-08
6.21393774034434e-08
6.23028017887515e-08
6.246622617405962e-08
6.262965055936772e-08
6.279307494467584e-08
6.295649932998395e-08
6.311992371529206e-08
6.335349768550407e-08
6.361077083980523e-08
6.38680439941064e-08
6.412531714840754e-08
6.43825903027087e-08
6.463986345700987e-08
6.489713661131103e-08
6.518044193800242e-08
6.555485986805968e-08
6.592927779811691e-08
6.630369572817415e-08
6.667811365823139e-08
6.705253158828862e-08
6.742694951834586e-08
6.780136744840312e-08
6.820525487627724e-08
6.862195512928916e-08
6.903865538230109e-08
6.945535563531301e-08
6.987205588832494e-08
7.028875614133686e-08
7.070545639434878e-08
7.111594230847709e-08
7.149645317622553e-08
7.187696404397397e-08
7.225747491172241e-08
7.263798577947086e-08
7.301849664721929e-08
7.339900751496774e-08
7.377951838271618e-08
7.425406268962988e-08
7.47800315335871e-08
7.530600037754432e-08
7.583196922150152e-08
7.635793806545873e-08
7.688390690941595e-08
7.740987575337315e-08
7.798134745914292e-08
7.88827149130537e-08
7.978408236696445e-08
8.068544982087524e-08
8.173531982612603e-08
8.305082115560467e-08
8.436632248508333e-08
8.568182381456201e-08
8.722453737263915e-08
8.892129311959665e-08
9.061804886655416e-08
9.231480461351162e-08
9.441425108578936e-08
9.659423570313113e-08
9.877422032047286e-08
1.0107437871776482e-07
1.049539639372589e-07
1.0883354915675291e-07
1.1271313437624697e-07
1.1915120579810614e-07
1.313353855760964e-07
1.435195653540869e-07
1.5570374513207735e-07
2.2687923636534446e-07
3.472141538113444e-07
4.6754907125734427e-07
5.87883988703342e-07
7.22258523159996e-07
1.305900801957586e-06
1.8895430807551653e-06
2.4942507317245762e-06
4.120628933027344e-06
5.747007134330084e-06
7.389079314615008e-06
1.0569161435151471e-05
1.3768736622531606e-05
1.698741501541865e-05
&