2.824617983489737e-08
3.682908731466472e-08
4.150625977660352e-08
4.510388431927167e-08
4.7960414798165155e-08
5.013534446657045e-08
5.1813637484229734e-08
5.3151058920353525e-08
5.427293888017084e-08
5.534410871751423e-08
5.6408179482565025e-08
5.759240171249901e-08
5.894055366489087e-08
6.050386396629163e-08
6.24203467772764e-08
6.486700629651672e-08
6.801368704272157e-08
7.241734879334567e-08
7.87995168886974e-08
8.818715573105569e-08
1.0478760857941281e-07
1.336469717385928e-07
1.7623082382789353e-07
2.4483677198310604e-07
3.3740797124501635e-07
4.5852742740895243e-07
7.288200032876906e-07
1.7549424765466071e-06
4.793575904658518e-06
1.0573884686009846e-05
&