3.115024786925094e-08
3.109998071913488e-08
3.104669187920932e-08
3.10115102745441e-08
3.10107118169793e-08
3.1055201964232704e-08
3.112415934951386e-08
3.1215301862783735e-08
3.1319615131683876e-08
3.143339478530088e-08
3.155943644950169e-08
3.171227694602359e-08
3.1907004013679546e-08
3.2164265218834474e-08
3.252599101745005e-08
3.302764825555193e-08
3.368891795710091e-08
3.4350187658649885e-08
3.517683397806277e-08
3.62208693703063e-08
3.7264904762549834e-08
3.849829509962081e-08
3.997115585855773e-08
4.144401661749466e-08
4.2816419991869065e-08
4.40665746710769e-08
4.531672935028471e-08
4.6429953760861607e-08
4.7382812404508864e-08
4.833567104815611e-08
4.926957604496519e-08
5.0182115938138474e-08
5.109465583131174e-08
5.2386323083454454e-08
5.408936280780014e-08
5.579240253214581e-08
5.918196036522743e-08
6.433310771940621e-08
6.948425507358503e-08
8.084645799678545e-08
9.845400587985281e-08
1.1606155376292014e-07
1.4582759288191226e-07
1.8736290780696698e-07
2.2889822273202178e-07
2.755746173339243e-07
3.2707917763153884e-07
3.787903998629948e-07
4.358497679064372e-07
5.034304437133486e-07
6.016181700060864e-07
7.608442025275465e-07
9.988721233033435e-07
1.3910365362390105e-06
2.045226728592503e-06
2.901348504942492e-06
3.8012434778269017e-06
4.6052054369290285e-06
5.582202057240186e-06
7.09199353217065e-06
&