1.9148971724589907e-08
2.3320837681815546e-08
2.7492703639041163e-08
3.027394761052485e-08
3.305519158200859e-08
3.6512415412866715e-08
3.899499921328271e-08
4.065005508022667e-08
4.230511094717073e-08
4.478769474758666e-08
4.6660330052673764e-08
4.763307643883289e-08
4.86058228249921e-08
5.006494240423082e-08
5.152406198346956e-08
5.2295812029053515e-08
5.296090781428633e-08
5.395855149213553e-08
5.495619516998475e-08
5.5621290955217556e-08
5.623026503305963e-08
5.70239318144105e-08
5.781759859576138e-08
5.8346709783328615e-08
5.887582097089588e-08
5.96076228077757e-08
6.026321587420551e-08
6.070027791849205e-08
6.113733996277861e-08
6.179293302920843e-08
6.228127789901597e-08
6.25387861597107e-08
6.279629442040545e-08
6.318255681144758e-08
6.356881920248967e-08
6.376110380315571e-08
6.392420069788563e-08
6.416884603998056e-08
6.441349138207543e-08
6.457658827680536e-08
6.476965262782251e-08
6.493287359416234e-08
6.504168757172224e-08
6.515050154928215e-08
6.530849059143632e-08
6.541655783670628e-08
6.547545001738204e-08
6.553434219805778e-08
6.562268046907142e-08
6.5711018740085e-08
6.573134751077803e-08
6.575044193381026e-08
6.57790835683586e-08
6.580772520290695e-08
6.582681962593917e-08
6.58459140489714e-08
6.587455568351976e-08
6.590319731806808e-08
6.592229174110032e-08
6.594138616413253e-08
6.596535275018435e-08
6.598689479855043e-08
6.600125616412781e-08
6.60156175297052e-08
6.60371595780713e-08
6.605870162643736e-08
6.607306299201474e-08
6.608742435759213e-08
6.610896640595823e-08
6.613074908264053e-08
6.618211167930884e-08
6.623347427597713e-08
6.63105181709796e-08
6.638756206598204e-08
6.643892466265034e-08
6.649028725931864e-08
6.65673311543211e-08
6.664437504932354e-08
6.669573764599184e-08
6.674710024266013e-08
6.6850074314507e-08
6.696505508936692e-08
6.704170893927354e-08
6.711836278918017e-08
6.72333435640401e-08
6.734832433890004e-08
6.742497818880664e-08
6.750163203871329e-08
6.761661281357324e-08
6.773206757176835e-08
6.781948838402779e-08
6.790690919628722e-08
6.803804041467639e-08
6.816917163306553e-08
6.825659244532497e-08
6.834401325758443e-08
6.84751444759736e-08
6.860627569436275e-08
6.869369650662217e-08
6.878111731888161e-08
6.897214121721967e-08
6.918780441999417e-08
6.933157988851052e-08
6.947535535702687e-08
6.96910185598014e-08
6.990668176257593e-08
7.005045723109227e-08
7.01942326996086e-08
7.040989590238316e-08
7.06308555901953e-08
7.083958611141247e-08
7.104831663262965e-08
7.136141241445542e-08
7.167450819628116e-08
7.188323871749833e-08
7.209196923871551e-08
7.240506502054128e-08
7.271816080236702e-08
7.292689132358418e-08
7.325061065391517e-08
7.360972410668262e-08
7.38538487503363e-08
7.409797339399e-08
7.446416035947056e-08
7.483034732495105e-08
7.507447196860473e-08
7.531859661225842e-08
7.568478357773896e-08
7.605097054321948e-08
7.630028164188181e-08
7.658796814924239e-08
7.701949791028335e-08
7.745102767132421e-08
7.773871417868486e-08
7.802640068604545e-08
7.845793044708638e-08
7.888946020812725e-08
7.917714671548789e-08
7.946483322284847e-08
7.99363869743085e-08
8.053344340317671e-08
8.094663258794559e-08
8.135982177271443e-08
8.197960554986774e-08
8.259938932702099e-08
8.301257851178983e-08
8.342576769655869e-08
8.4045551473712e-08
8.466533525086524e-08
8.511551167679688e-08
8.576492289058931e-08
8.673903971127803e-08
8.771315653196664e-08
8.83625677457591e-08
8.901197895955156e-08
9.040631831539988e-08
9.182559933735196e-08
9.27717866853201e-08
9.371797403328815e-08
9.52689035577946e-08
9.720970768468008e-08
9.85457696350274e-08
9.988183158537463e-08
1.0188592451089558e-07
1.0412083814771957e-07
1.0598786741900485e-07
1.0785489669029003e-07
1.1065544059721792e-07
1.1345598450414565e-07
1.1554616080426034e-07
1.1856285737098374e-07
1.2308790222106902e-07
1.276129470711541e-07
1.3062964363787762e-07
1.3364634020460104e-07
1.4735222605356994e-07
1.6135197465005097e-07
1.7068514038103804e-07
1.8001830611202502e-07
2.2280409770421615e-07
3.463524155398146e-07
4.364481075142045e-07
5.265437994885944e-07
6.616873374501845e-07
7.968308754117743e-07
9.395933801653992e-07
1.2646912121971387e-06
1.7523379602447658e-06
2.2399847082923934e-06
2.6951522325839034e-06
3.5818252586270607e-06
4.91183479769185e-06
6.241844336756634e-06
7.367616780999779e-06
9.25420557478725e-06
1.1949933437621885e-05
1.4284480828583749e-05
1.5391620917125267e-05
1.4282023692624614e-05
&