3.076821415297377e-08
3.0665087415580994e-08
3.056600928324336e-08
3.051409798997402e-08
3.047386037133893e-08
3.047900185951567e-08
3.055740010010211e-08
3.0641538050948015e-08
3.07888602502699e-08
3.095150415549102e-08
3.113255450193691e-08
3.134239259332047e-08
3.155519407723992e-08
3.179891388119428e-08
3.204997639929103e-08
3.23183315857238e-08
3.261289520717004e-08
3.290981100837642e-08
3.323005016025652e-08
3.355571158260104e-08
3.38894572570415e-08
3.423507831570071e-08
3.458283638877088e-08
3.495078242776566e-08
3.5323320774324394e-08
3.5714592889050865e-08
3.613254229875687e-08
3.655049170846288e-08
3.696844111816888e-08
3.738639052787489e-08
3.783938231135733e-08
3.83407569969707e-08
3.8842131682584085e-08
3.934350636819747e-08
3.984488105381088e-08
4.0384066793946455e-08
4.097387751928518e-08
4.156368824462391e-08
4.215349896996263e-08
4.274330969530134e-08
4.3333179686880996e-08
4.392312663764326e-08
4.45130735884055e-08
4.510302053916775e-08
4.569296748992999e-08
4.627904810933513e-08
4.6860258922069075e-08
4.744146973480304e-08
4.8022680547537e-08
4.8603891360270957e-08
4.923427060298581e-08
4.992472636773737e-08
5.0615182132488915e-08
5.130563789724047e-08
5.199609366199202e-08
5.295510685719883e-08
5.4232467457662237e-08
5.550982805812565e-08
5.678718865858905e-08
5.806454925905247e-08
6.030852451162703e-08
6.366422363769512e-08
6.70199227637632e-08
7.03756218898313e-08
7.373132101589935e-08
8.053154180503376e-08
9.117572838972682e-08
1.0181991497441987e-07
1.1246410155911298e-07
1.2310828814380598e-07
1.4042172941269984e-07
1.6495715483923115e-07
1.8949258026576257e-07
2.140280056922938e-07
2.385634311188252e-07
2.66568406964606e-07
2.9821921523708075e-07
3.299945692575114e-07
3.625439276462664e-07
3.952267417431734e-07
4.313225964935095e-07
4.7089876942342324e-07
5.136220869876266e-07
5.753137151983183e-07
6.401809689902162e-07
7.357261188378709e-07
8.616284100401762e-07
1.0033426296406376e-06
1.2375670481855078e-06
1.4868162713136908e-06
1.8605817809227465e-06
2.353915910000194e-06
2.8472500390776394e-06
3.384169524993595e-06
3.962194675674098e-06
4.515649179124959e-06
5.046207901799829e-06
5.771143958415073e-06
6.813042432931425e-06
7.935871794092286e-06
&