2.782688615874309e-08
2.8470515671320712e-08
2.9571424929987718e-08
3.072087666402083e-08
3.201268748245142e-08
3.337984847666547e-08
3.4718480563846395e-08
3.621138137288345e-08
3.7813987233573295e-08
3.939561799340583e-08
4.1152425472703574e-08
4.299505335826663e-08
4.476840051412179e-08
4.6579806206661734e-08
4.8617426550348886e-08
5.0986304790235763e-08
5.3756299134645894e-08
5.851087234472317e-08
6.696803637201559e-08
8.065391318597766e-08
1.1375700095225627e-07
1.723861553124622e-07
2.523302706867696e-07
3.6158615487627604e-07
4.942316070497926e-07
7.066175723161891e-07
1.2255101284354648e-06
2.4517119675369847e-06
4.324182664517205e-06
7.003082442105462e-06
&