2.4347987062006627e-08
3.111194960128539e-08
3.5083874955144253e-08
3.8061822366824396e-08
4.0576800492152773e-08
4.270192500529934e-08
4.450823301125778e-08
4.6075587728121703e-08
4.7481395193365244e-08
4.883517610404133e-08
5.016517756529585e-08
5.157883603244436e-08
5.314700410450414e-08
5.492828603049858e-08
5.7065909684710806e-08
5.979524115342038e-08
6.337295603349166e-08
6.871759924298918e-08
7.692597101176204e-08
8.963264542549773e-08
1.1355964361314713e-07
1.5542818307171506e-07
2.1704640489612246e-07
3.1465715778996484e-07
4.4615342938192e-07
6.276784525448901e-07
1.0128788014604735e-06
2.195207365053801e-06
5.12476669758476e-06
9.942540390331892e-06
&