2.7411072692631172e-08
3.65905264348622e-08
4.522869149552665e-08
5.143804619401048e-08
5.642088483573279e-08
6.059546929803862e-08
6.388305391756654e-08
6.668707073782501e-08
6.909436593241982e-08
7.13364938083194e-08
7.338519943306781e-08
7.547087733366722e-08
7.77098194447155e-08
8.01790101004568e-08
8.334511987527024e-08
8.735119465099669e-08
9.2329905446916e-08
1.0105960345159623e-07
1.1535396330134035e-07
1.377749513404703e-07
1.8762458473792291e-07
2.82957256124482e-07
4.154646067897877e-07
6.12906097913261e-07
8.196451062595386e-07
1.1320402017496601e-06
1.8133958569656265e-06
3.46064285948091e-06
6.4376001132463586e-06
4.40831436419558e-06
&