3.4733809691424604e-08
4.2115904012182214e-08
4.842452408950952e-08
5.345585017307483e-08
5.714209337147791e-08
6.033306070353154e-08
6.330258756312842e-08
6.606025171115987e-08
6.868434460401678e-08
7.077247377984424e-08
7.225532659478857e-08
7.354971186140668e-08
7.462138540204104e-08
7.54606303733175e-08
7.608796228327422e-08
7.65886644286304e-08
7.689328553979034e-08
7.716363059021291e-08
7.736854196452641e-08
7.750721275443097e-08
7.764588354433556e-08
7.791174743913344e-08
7.831413426145704e-08
7.867181143685583e-08
7.915632071371594e-08
7.976449794673725e-08
8.037267517975855e-08
8.111079128013468e-08
8.217369310735824e-08
8.323659493458183e-08
8.419714794529226e-08
8.51724935458576e-08
8.614783914642292e-08
8.729539746459315e-08
8.88826626889884e-08
9.046992791338365e-08
9.228241675038169e-08
9.445813636316931e-08
9.663385597595695e-08
9.949600827736956e-08
1.0385155789676136e-07
1.0820710751615316e-07
1.1378487679525599e-07
1.2084883219834407e-07
1.279127876014321e-07
1.367846738647667e-07
1.4847396647739425e-07
1.6551637701790175e-07
1.8631593786562076e-07
2.0816916582504964e-07
2.343377465002768e-07
2.683957148112301e-07
3.163150077902903e-07
4.304615437559152e-07
7.913731653041641e-07
1.3418189646615617e-06
2.616133143786762e-06
4.979582593352553e-06
8.690600554329954e-06
1.2816084955663363e-05
&