3.075363130819517e-08
3.064861636598236e-08
3.054864121310961e-08
3.050738034071201e-08
3.0480651105799356e-08
3.0501637104172245e-08
3.059965112880097e-08
3.070304244248349e-08
3.0865628376162945e-08
3.1042568560787596e-08
3.123621629903947e-08
3.145599471548596e-08
3.1678785561560506e-08
3.1933006352266286e-08
3.2194691361554414e-08
3.247442077347369e-08
3.27814979344232e-08
3.309082303362356e-08
3.342243786297402e-08
3.375923466412365e-08
3.41031718497751e-08
3.445759792276242e-08
3.481340369675598e-08
3.518224324195739e-08
3.555404767655514e-08
3.593981375164026e-08
3.6345461507674144e-08
3.6751109263708046e-08
3.715675701974191e-08
3.756240477577579e-08
3.8005198483720524e-08
3.849927949792282e-08
3.8993360512125106e-08
3.948744152632742e-08
3.998152254052973e-08
4.051396644140732e-08
4.1097774172117944e-08
4.1681581902828554e-08
4.226538963353917e-08
4.2849197364249766e-08
4.342709863419905e-08
4.3997330168647204e-08
4.4567561703095356e-08
4.5137793237543495e-08
4.570802477199166e-08
4.628070761922821e-08
4.685647799783948e-08
4.7432248376450754e-08
4.8008018755062025e-08
4.8583789133673296e-08
4.921884275591678e-08
4.9926331700863505e-08
5.063382064581026e-08
5.1341309590756994e-08
5.204879853570373e-08
5.3032653721258204e-08
5.434411285896866e-08
5.565557199667911e-08
5.696703113438958e-08
5.827849027210003e-08
6.055613370986306e-08
6.394500606415143e-08
6.733387841843987e-08
7.07227507727282e-08
7.411162312701658e-08
8.090862918852864e-08
9.150899335857874e-08
1.0210935752862886e-07
1.1270972169867897e-07
1.2331008586872906e-07
1.405431378636875e-07
1.649585765963303e-07
1.89374015328973e-07
2.1378945406161584e-07
2.3820489279425863e-07
2.662386003908131e-07
2.9807441499217103e-07
3.3005833582110773e-07
3.629626804220595e-07
3.9602572671943743e-07
4.324219208596163e-07
4.7221696552941405e-07
5.15127471991483e-07
5.768153318802714e-07
6.416468477856956e-07
7.373032617446148e-07
8.634622820671503e-07
1.0053949429492813e-06
1.2396137936939977e-06
1.4888210671666464e-06
1.861677715778518e-06
2.3532705193254088e-06
2.844863322872299e-06
3.38320297124063e-06
3.965629906519338e-06
4.529200120648699e-06
5.075198988384362e-06
5.8118946395335324e-06
6.866696051020574e-06
8.00145045095198e-06
&