3.0357041506577684e-08
3.515631374261725e-08
3.9636676863726685e-08
4.369672474061023e-08
4.729249045569862e-08
5.041986274374388e-08
5.3242390194884334e-08
5.579885106675872e-08
5.813519075761415e-08
6.023161371805294e-08
6.209277648599918e-08
6.375152286668799e-08
6.526409101386124e-08
6.66512339553569e-08
6.793788528976459e-08
6.910992850456956e-08
7.019229149736617e-08
7.127465449016277e-08
7.228927741766993e-08
7.324529341675193e-08
7.420130941583394e-08
7.516979225204948e-08
7.614859335506738e-08
7.712739445808529e-08
7.820338790734217e-08
7.935632076042208e-08
8.0509253613502e-08
8.186381698300398e-08
8.337100991283861e-08
8.487820284267326e-08
8.684253122820841e-08
8.913766446926982e-08
9.143279771033123e-08
9.480653876183069e-08
9.892620089061424e-08
1.0304586301939777e-07
1.0983320778177472e-07
1.1838294059346857e-07
1.269326734051623e-07
1.4414208781676414e-07
1.6681436072082282e-07
1.894866336248813e-07
2.3055892022972737e-07
2.8270955609742017e-07
3.3486019196511254e-07
4.070325521649101e-07
4.933038666988104e-07
5.895572468569697e-07
6.864276239687326e-07
7.868675668358642e-07
9.008624019660809e-07
1.0704087862901334e-06
1.3058849223271248e-06
1.67735658556531e-06
2.368050824997862e-06
3.2459641286948154e-06
4.516180437457717e-06
6.215820126980348e-06
8.538693120640388e-06
1.0486401130821606e-05
&