1.551944305138261e-08
1.960457694343939e-08
2.368971083549618e-08
2.6413133430200625e-08
2.9136556024905143e-08
3.2681084737684614e-08
3.5488327711284226e-08
3.735982302701722e-08
3.923131834275033e-08
4.2038561316349825e-08
4.409938202523231e-08
4.51359035820568e-08
4.617242513888137e-08
4.77272074741181e-08
4.928198980935493e-08
5.0095473526703643e-08
5.079060715005798e-08
5.183330758508941e-08
5.287600802012091e-08
5.357114164347521e-08
5.420217311159306e-08
5.501189134968321e-08
5.582160958777341e-08
5.636142174650018e-08
5.690123390522699e-08
5.7658190696881495e-08
5.835015292668197e-08
5.881146107988226e-08
5.9272769233082576e-08
5.9964731462883e-08
6.049761235495989e-08
6.078813447480388e-08
6.107865659464787e-08
6.151443977441383e-08
6.195022295417982e-08
6.214696444481093e-08
6.230173893409987e-08
6.253390066803325e-08
6.276606240196665e-08
6.29208368912556e-08
6.30761770653614e-08
6.318707033541325e-08
6.326099918211449e-08
6.333492802881568e-08
6.344084825850233e-08
6.349931690016956e-08
6.35257941588514e-08
6.355227141753321e-08
6.359198730555594e-08
6.363170319357869e-08
6.362196075084093e-08
6.36110589784759e-08
6.359470631992837e-08
6.357835366138083e-08
6.356745188901582e-08
6.355655011665078e-08
6.354019745810326e-08
6.352384479955572e-08
6.35129430271907e-08
6.350204125482568e-08
6.349058731507948e-08
6.348167391119182e-08
6.347573164193336e-08
6.34697893726749e-08
6.346087596878721e-08
6.345196256489955e-08
6.344602029564109e-08
6.344007802638264e-08
6.343116462249495e-08
6.34224344866812e-08
6.344467320817661e-08
6.346691192967203e-08
6.350027001191515e-08
6.353362809415828e-08
6.355586681565369e-08
6.357810553714912e-08
6.361146361939222e-08
6.364482170163536e-08
6.366706042313076e-08
6.368929914462619e-08
6.374984666889813e-08
6.382298398603924e-08
6.387174219746666e-08
6.392050040889406e-08
6.39936377260352e-08
6.40667750431763e-08
6.411553325460372e-08
6.416429146603112e-08
6.423742878317223e-08
6.431136751180049e-08
6.437833051371372e-08
6.444529351562692e-08
6.454573801849677e-08
6.464618252136661e-08
6.471314552327986e-08
6.478010852519307e-08
6.48805530280629e-08
6.498099753093275e-08
6.504796053284598e-08
6.51149235347592e-08
6.527062638639058e-08
6.544906202070855e-08
6.556801911025384e-08
6.568697619979913e-08
6.586541183411707e-08
6.604384746843503e-08
6.616280455798033e-08
6.628176164752562e-08
6.646019728184356e-08
6.664441876572585e-08
6.683433237845566e-08
6.702424599118551e-08
6.730911641028022e-08
6.759398682937495e-08
6.778390044210477e-08
6.79738140548346e-08
6.825868447392931e-08
6.854355489302405e-08
6.873346850575387e-08
6.90309205126166e-08
6.937029017605963e-08
6.96021214453698e-08
6.983395271467992e-08
7.018169961864514e-08
7.052944652261037e-08
7.076127779192052e-08
7.099310906123065e-08
7.134085596519586e-08
7.168860286916109e-08
7.192195586696551e-08
7.216656837686412e-08
7.253348714171202e-08
7.290040590655993e-08
7.314501841645856e-08
7.338963092635715e-08
7.375654969120506e-08
7.412346845605295e-08
7.436808096595158e-08
7.461269347585019e-08
7.500483988051073e-08
7.547609224907017e-08
7.579981072286763e-08
7.612352919666508e-08
7.660910690736126e-08
7.709468461805744e-08
7.74184030918549e-08
7.774212156565236e-08
7.822769927634853e-08
7.871327698704471e-08
7.906729897223347e-08
7.958455329034778e-08
8.036043476751928e-08
8.113631624469079e-08
8.165357056280511e-08
8.217082488091943e-08
8.327931394897704e-08
8.440754443207395e-08
8.515969808747196e-08
8.591185174286989e-08
8.713612973606248e-08
8.864485065174575e-08
8.968144722963443e-08
9.071804380752306e-08
9.227293867435603e-08
9.400073711610066e-08
9.543507160681845e-08
9.686940609753614e-08
9.902090783361281e-08
1.0117240956968941e-07
1.0278167299388706e-07
1.0511725217023928e-07
1.0862062093476771e-07
1.1212398969929607e-07
1.1445956887564842e-07
1.1679514805200068e-07
1.2696654101812474e-07
1.373513658378881e-07
1.4427458238439674e-07
1.511977989309054e-07
1.8638197028879838e-07
2.911435363550763e-07
3.6764414760996577e-07
4.441447588648553e-07
5.588956757471939e-07
6.736465926295327e-07
8.07838118609051e-07
1.1417586819499559e-06
1.6426395269613313e-06
2.1435203719727083e-06
2.616980665880156e-06
3.553363262487852e-06
4.957937157399449e-06
6.362511052311049e-06
7.5483477352861365e-06
9.527949408564184e-06
1.2436105964800822e-05
1.517937274136418e-05
1.640431881549047e-05
1.4724648235702285e-05
&