2.26868092002863e-08
2.669031521165653e-08
2.9712517169825564e-08
3.1982764835925586e-08
3.412224640977166e-08
3.615923399640156e-08
3.805900242927805e-08
3.98286032817976e-08
4.147683414784642e-08
4.306678666639877e-08
4.4629870338037834e-08
4.6233959693463795e-08
4.798806083454166e-08
4.9928452866407477e-08
5.222486145591166e-08
5.524970730934508e-08
5.931068033867845e-08
6.576216099629473e-08
7.694037132939304e-08
9.515537400605098e-08
1.301669187397464e-07
1.9134924028574008e-07
2.7340188736906926e-07
3.9142770488232303e-07
5.482607874181614e-07
8.073965847301874e-07
1.3678317766192217e-06
2.7631893530809826e-06
5.621475269917914e-06
8.794774395626563e-06
&