2.5657987955075285e-08
3.543022714199756e-08
4.2703843009283775e-08
4.786917738521367e-08
5.125103314319015e-08
5.393131372638065e-08
5.645611269916622e-08
5.8876715761631e-08
6.11619407077535e-08
6.29375529030985e-08
6.413576333066921e-08
6.504009615063868e-08
6.575862129809538e-08
6.630924576953226e-08
6.673926650530502e-08
6.713118780346798e-08
6.744319444194392e-08
6.772035872289274e-08
6.797694443329082e-08
6.821269780443122e-08
6.844845117557159e-08
6.87576544080582e-08
6.91215127761903e-08
6.944494243675217e-08
6.98189984684689e-08
7.024241786936774e-08
7.066583727026658e-08
7.112068650137671e-08
7.16886345059609e-08
7.22565825105451e-08
7.287311933531006e-08
7.359455142173525e-08
7.43159835081604e-08
7.514941986785165e-08
7.627971970149145e-08
7.741001953513128e-08
7.855181380401283e-08
7.981759851071536e-08
8.108338321741787e-08
8.251131849712155e-08
8.438600618693454e-08
8.626069387674753e-08
8.842333733117725e-08
9.101825105404161e-08
9.361316477690597e-08
9.68152768852025e-08
1.0097700473424547e-07
1.071664867118706e-07
1.1492215559393506e-07
1.2327972200219776e-07
1.3366192973075743e-07
1.477821038385333e-07
1.6896533690037464e-07
2.2843372898605018e-07
4.985446323171302e-07
9.385077779470713e-07
2.021667577982417e-06
4.315483195082146e-06
8.518961687741303e-06
1.3593016462891412e-05
&