1.42596561672e-08
3.65747330484e-08
4.95616179039e-08
5.5902899097e-08
5.9277831817e-08
6.12250897122e-08
6.20530135951e-08
6.19838513102e-08
6.14392859146e-08
6.09226768629e-08
6.06532694866e-08
6.08611316411e-08
6.12813997452e-08
6.18928244185e-08
6.27252461402e-08
6.38087663238e-08
6.51633055688e-08
6.71045275579e-08
6.91734624861e-08
7.13092990848e-08
7.32821107594e-08
7.576750094e-08
7.89386618585e-08
8.46908677974e-08
9.31745983912e-08
1.07343739786e-07
1.53274548161e-07
7.13659404946e-07
6.02333847762e-06
4.61713589524e-06
&