2.96005924249828e-08
3.38577175844046e-08
3.815090395167416e-08
4.1988413983727754e-08
4.505043854294434e-08
4.7751951667423916e-08
5.022821187206215e-08
5.249222381701964e-08
5.481335533173503e-08
5.6955039271453736e-08
5.8731988598618885e-08
6.038868465781195e-08
6.196579882030792e-08
6.346854867421521e-08
6.490564063227787e-08
6.646094203181254e-08
6.795817276939758e-08
6.928891740488266e-08
7.05408325354978e-08
7.17129460596352e-08
7.28850595837726e-08
7.415047304743641e-08
7.534975675940142e-08
7.641578672559254e-08
7.75349144534206e-08
7.870581528587057e-08
7.987671611832052e-08
8.116283480209367e-08
8.281589677466915e-08
8.446895874724461e-08
8.636411995731934e-08
8.865913690385692e-08
9.095415385039451e-08
9.404389731731588e-08
9.888704787880594e-08
1.03730198440296e-07
1.1092262315577307e-07
1.2072667323097265e-07
1.3053072330617218e-07
1.4779707985006835e-07
1.795673059943884e-07
2.1133753213870835e-07
2.589844042398556e-07
3.2353576519325373e-07
3.880871261466517e-07
4.6440449879139073e-07
5.574232821251802e-07
6.62923428442392e-07
7.67044054015243e-07
8.620993088011832e-07
9.828714080375574e-07
1.1538190987581418e-06
1.398627944690676e-06
1.8443836512736911e-06
2.538669636900915e-06
3.3525007577180647e-06
4.352460976516846e-06
5.469451268229741e-06
6.76930183085151e-06
8.600612341933174e-06
&