2.6957990313613293e-08
3.8723351166990545e-08
4.904211667442324e-08
5.679146585025698e-08
6.17767990241156e-08
6.497354144835917e-08
6.754877991719566e-08
6.96453652081802e-08
7.122350624342468e-08
7.228959880830682e-08
7.295466096619965e-08
7.357594600631368e-08
7.401792950424704e-08
7.426194325828953e-08
7.437303114120684e-08
7.438581524847038e-08
7.429655312973323e-08
7.421698561938245e-08
7.411993015193241e-08
7.400517107118631e-08
7.389041199044023e-08
7.379377290529639e-08
7.373747817263987e-08
7.368743841027852e-08
7.366525526682829e-08
7.367023378897066e-08
7.367521231111305e-08
7.369796410073304e-08
7.375536452589468e-08
7.381276495105633e-08
7.397608524497841e-08
7.424486760247681e-08
7.451364995997521e-08
7.489949699481255e-08
7.553496438565152e-08
7.617043177649051e-08
7.684148366763874e-08
7.760858511818066e-08
7.837568656872258e-08
7.923482499278114e-08
8.03536208897478e-08
8.147241678671446e-08
8.27224206565877e-08
8.419499808284228e-08
8.566757550909687e-08
8.749126502393561e-08
8.987580285108128e-08
9.351926490933582e-08
9.833525170460768e-08
1.0389299714222545e-07
1.1188657067076542e-07
1.239471035620264e-07
1.4294566760557186e-07
1.9310978310273831e-07
4.198722441581487e-07
7.914013852190019e-07
1.8034709305564182e-06
4.148325061962699e-06
8.648113343024322e-06
1.4178677666793817e-05
&