1.8869307315519214e-08
2.2371357315331348e-08
2.5873407315143446e-08
2.937545731495556e-08
3.287750731476767e-08
3.582352854751803e-08
3.7939927812575674e-08
4.00563270776333e-08
4.217272634269095e-08
4.4289125607748605e-08
4.6027293872104735e-08
4.7259051007339024e-08
4.8490808142573326e-08
4.9722565277807595e-08
5.095432241304189e-08
5.200216942354971e-08
5.2828685390652196e-08
5.3655201357754676e-08
5.4481717324857176e-08
5.530823329195967e-08
5.605536431103053e-08
5.67165311760562e-08
5.737769804108187e-08
5.803886490610756e-08
5.870003177113321e-08
5.930759913715628e-08
5.98629179181619e-08
6.041823669916756e-08
6.097355548017322e-08
6.152887426117886e-08
6.19622916192878e-08
6.228875529768817e-08
6.261521897608859e-08
6.294168265448898e-08
6.326814633288938e-08
6.352342336852776e-08
6.372252558533115e-08
6.392162780213455e-08
6.412073001893793e-08
6.431983223574135e-08
6.447732319641156e-08
6.460532061120166e-08
6.473331802599171e-08
6.486131544078183e-08
6.498931285557191e-08
6.507945571579645e-08
6.514554733969485e-08
6.521163896359323e-08
6.527773058749165e-08
6.534365865343851e-08
6.537722148709446e-08
6.539205212477233e-08
6.540688276245024e-08
6.542171340012809e-08
6.543654403780594e-08
6.545137467548382e-08
6.546620531316167e-08
6.548103595083953e-08
6.549586658851739e-08
6.551064027761436e-08
6.552312031352201e-08
6.553446334155585e-08
6.55458063695897e-08
6.555714939762354e-08
6.556849242565738e-08
6.557983545369123e-08
6.559117848172506e-08
6.560252150975891e-08
6.561386453779276e-08
6.562657656314331e-08
6.567106327780675e-08
6.572886501732772e-08
6.578666675684869e-08
6.584446849636967e-08
6.590227023589063e-08
6.59600719754116e-08
6.601787371493258e-08
6.607567545445356e-08
6.61334771939745e-08
6.619260731629123e-08
6.627388105314176e-08
6.636286175097035e-08
6.6451842448799e-08
6.65408231466276e-08
6.66298038444562e-08
6.671878454228481e-08
6.680776524011343e-08
6.689674593794202e-08
6.698572663577064e-08
6.707553080102449e-08
6.717621471771472e-08
6.727996792208082e-08
6.738372112644691e-08
6.748747433081303e-08
6.759122753517916e-08
6.769498073954527e-08
6.779873394391136e-08
6.790248714827743e-08
6.800624035264358e-08
6.811534046968487e-08
6.827772303822261e-08
6.845251951125065e-08
6.862731598427869e-08
6.88021124573067e-08
6.897690893033474e-08
6.915170540336278e-08
6.932650187639082e-08
6.950129834941886e-08
6.967609482244687e-08
6.985920507679187e-08
7.010372359387716e-08
7.036039775055897e-08
7.061707190724077e-08
7.087374606392257e-08
7.113042022060436e-08
7.138709437728618e-08
7.164376853396796e-08
7.190044269064976e-08
7.215711684733158e-08
7.24194948749508e-08
7.271534231265213e-08
7.301664234944341e-08
7.331794238623471e-08
7.361924242302601e-08
7.392054245981731e-08
7.42218424966086e-08
7.452314253339988e-08
7.482444257019117e-08
7.512574260698246e-08
7.543437452071506e-08
7.577869240309264e-08
7.612757373141049e-08
7.64764550597284e-08
7.68253363880463e-08
7.717421771636417e-08
7.752309904468206e-08
7.787198037299995e-08
7.822086170131784e-08
7.856974302963574e-08
7.894451112684176e-08
7.942692077293125e-08
7.991932416642711e-08
8.041172755992297e-08
8.090413095341882e-08
8.139653434691467e-08
8.188893774041054e-08
8.238134113390637e-08
8.287374452740223e-08
8.33661479208981e-08
8.391948457758995e-08
8.467878835831402e-08
8.545300809409133e-08
8.622722782986862e-08
8.700144756564591e-08
8.785876818955651e-08
8.896889533393007e-08
9.009535176976658e-08
9.122180820560307e-08
9.23482646414396e-08
9.359289609588837e-08
9.516324636081467e-08
9.675199097518721e-08
9.834073558955977e-08
9.992948020393233e-08
1.0169575358987755e-07
1.0390784564962894e-07
1.0614135733621628e-07
1.083748690228036e-07
1.1060838070939098e-07
1.1324214632574105e-07
1.1679608859741093e-07
1.2038618612227825e-07
1.2397628364714547e-07
1.275663811720128e-07
1.3347898486739376e-07
1.4429973517476093e-07
1.5526867162419418e-07
1.662376080736276e-07
1.7720654452306084e-07
2.2124353788322953e-07
3.297465411804887e-07
4.395856275852529e-07
5.494247139900172e-07
6.592638003947816e-07
7.691028867995455e-07
9.851549422095838e-07
1.3899187192799474e-06
1.7963525115862392e-06
2.202786303892533e-06
2.8760764945706223e-06
3.996002845977421e-06
5.116197125495037e-06
6.236391405012646e-06
7.862200749799264e-06
1.0263992111977786e-05
1.2490673710726035e-05
1.4460127343730992e-05
1.5371127809739902e-05
1.1313849933407418e-05
&