1.48176507525e-08
3.58737037657e-08
4.77722109928e-08
5.41333397174e-08
5.83446407714e-08
6.08640356881e-08
6.20852604743e-08
6.2382128218e-08
6.2104825361e-08
6.17644059068e-08
6.151580603e-08
6.16598539397e-08
6.19999455903e-08
6.25308401704e-08
6.32586465087e-08
6.42625427849e-08
6.55653808208e-08
6.74469212782e-08
6.94750623934e-08
7.1583214567e-08
7.35255352937e-08
7.59419181954e-08
7.90251308272e-08
8.47844158322e-08
9.38202862809e-08
1.10218374186e-07
1.63831588616e-07
7.43444766598e-07
5.98638422522e-06
4.63186383078e-06
&