2.4030905560481567e-08
2.8766106539460026e-08
3.1969977349948695e-08
3.4429822181077056e-08
3.6351717367901434e-08
3.803510247671736e-08
3.9580313331527814e-08
4.100253493369598e-08
4.228173071552364e-08
4.3441669696322846e-08
4.448948424922656e-08
4.543223565983401e-08
4.6294725140920614e-08
4.708672518628501e-08
4.7819664424606545e-08
4.850178749472558e-08
4.914616138663011e-08
4.979053527853464e-08
5.04199468992435e-08
5.103641355520671e-08
5.16528802111699e-08
5.230385318670903e-08
5.298338556411886e-08
5.36629179415287e-08
5.442602863808051e-08
5.5255301602507864e-08
5.608457456693522e-08
5.704722183230703e-08
5.8110830307688406e-08
5.917443878306979e-08
6.054078342896862e-08
6.21262022987146e-08
6.371162116846058e-08
6.592436038634279e-08
6.85709287174167e-08
7.121749704849061e-08
7.522433969690273e-08
8.012983916846183e-08
8.503533864002086e-08
9.399142854599268e-08
1.0550278588285143e-07
1.1701414321971006e-07
1.3724999361629536e-07
1.6273871951768517e-07
1.8822744541907477e-07
2.2461628894335218e-07
2.697615030865241e-07
3.244902205046601e-07
3.8560752114037367e-07
4.523262663226314e-07
5.283279128556742e-07
6.391331569267752e-07
7.99779429288204e-07
1.0767487146609e-06
1.6829238416578649e-06
2.4974724020596077e-06
3.892151915523163e-06
6.2277424671366955e-06
9.378141206151575e-06
1.1705046390136662e-05
&