2.67517705629e-08
3.45541935267e-08
4.25138714753e-08
4.86328049616e-08
5.39781131913e-08
5.85770959313e-08
6.21340090108e-08
6.5153897952e-08
6.78023885847e-08
7.02701521202e-08
7.24735367696e-08
7.46618674727e-08
7.69824584216e-08
7.95158459966e-08
8.27331803809e-08
8.67889718783e-08
9.18206015188e-08
1.00713195125e-07
1.15594153241e-07
1.39240929636e-07
1.92540083338e-07
2.94473858317e-07
4.34856181242e-07
6.3615916419e-07
8.43509511862e-07
1.17137690618e-06
1.88622293067e-06
3.54364317061e-06
6.25523219923e-06
4.36327341998e-06
&