2.507089548861827e-08
3.239684994625786e-08
3.959298631049156e-08
4.527672296262623e-08
5.058614447080046e-08
5.5237096083219516e-08
5.882506145568045e-08
6.23121420259824e-08
6.468865601383994e-08
6.679586594304165e-08
6.863894937217443e-08
7.006893793835042e-08
7.145969330454085e-08
7.244111220299702e-08
7.332531881219398e-08
7.405774643152136e-08
7.456014073759025e-08
7.505176287276687e-08
7.543657211740804e-08
7.57965492360964e-08
7.606642773598447e-08
7.620395562345502e-08
7.633781699362964e-08
7.643704147700837e-08
7.652838684875112e-08
7.655757992664053e-08
7.649826678079878e-08
7.643895363495702e-08
7.637964048911526e-08
7.632032734327349e-08
7.624634391812e-08
7.615210528158434e-08
7.605786664504867e-08
7.596362800851302e-08
7.586938937197734e-08
7.579232365021146e-08
7.573825063698281e-08
7.568417762375416e-08
7.563010461052552e-08
7.557603159729687e-08
7.553923333112098e-08
7.55248668978306e-08
7.551050046454026e-08
7.54961340312499e-08
7.548176759795954e-08
7.548931331491583e-08
7.552445830508351e-08
7.555960329525121e-08
7.559474828541889e-08
7.562989327558661e-08
7.573170979827546e-08
7.591498903584638e-08
7.60982682734173e-08
7.628154751098823e-08
7.646482674855913e-08
7.673808589731466e-08
7.711800704087072e-08
7.749792818442671e-08
7.78778493279827e-08
7.825777047153871e-08
7.871053121909614e-08
7.924706632960926e-08
7.978360144012233e-08
8.032013655063542e-08
8.08566716611485e-08
8.147995377884337e-08
8.220004252488645e-08
8.292013127092949e-08
8.364022001697255e-08
8.436030876301559e-08
8.525381508638573e-08
8.633511135862059e-08
8.741640763085544e-08
8.849770390309026e-08
8.957900017532511e-08
9.095046842488814e-08
9.262685180074296e-08
9.439832776794813e-08
9.676076795760458e-08
9.922510363006104e-08
1.0228549771736252e-07
1.0595369966513908e-07
1.0989665608094699e-07
1.1549559870226536e-07
1.213717822573892e-07
1.301651735486214e-07
1.4184527152420287e-07
1.56386593442158e-07
1.8766796056322492e-07
2.21668118809622e-07
3.5637397029606857e-07
5.877839642977967e-07
8.191939582995245e-07
1.372483224470854e-06
2.229339156517674e-06
3.824708745974825e-06
6.108250960357472e-06
9.48195172466125e-06
1.3461163378979466e-05
1.3853732015714143e-05
&