2.8810535720580973e-08
3.668957489813608e-08
4.117460116916563e-08
4.4509623709134814e-08
4.733109183380257e-08
4.94912082374367e-08
5.105892896207879e-08
5.2387487556837095e-08
5.353035192190677e-08
5.456677407069548e-08
5.567000808423604e-08
5.689047928068927e-08
5.820386823856566e-08
5.970392358875402e-08
6.165925864135121e-08
6.415114342851272e-08
6.713893663522157e-08
7.163244788621756e-08
7.813948707248952e-08
8.702542895672208e-08
1.0425762634572411e-07
1.3397797341743225e-07
1.756941702863382e-07
2.475202310836305e-07
3.455988344436385e-07
4.6314789081984624e-07
7.291234780058718e-07
1.6893926125638207e-06
4.294143843029559e-06
1.0136672061780148e-05
&