0.004357819492311573
0.004308407858135868
0.0042576042928659606
0.004190584527443211
0.004119551293063715
0.004034342624757978
0.003926250159780341
0.0038162455595150933
0.003685191668315163
0.0035490334820912806
0.003410583231663215
0.003268548183995695
0.003127127673667027
0.0029921188897249324
0.002858632810572842
0.0027299275139713274
0.0026084678793090715
0.002488059092843678
0.0023780701311789474
0.0022705035962509064
0.002168498574468254
0.002074663152625767
0.0019817713705583386
0.001897793972748923
0.001815844396583785
0.0017405170324962008
0.0016746198430231513
0.0016087226535501022
0.0015428254640770522
0.0014769282746040027
0.0014155718966404232
0.001360485003736835
0.0013053981108332483
0.0012503112179296605
0.0011952243250260735
0.0011430696419332284
0.0010948408762779447
0.001046612110622661
0.0009983833449673768
0.0009501545793120924
0.0009043635655110531
0.0008617380534707037
0.0008191125414303538
0.0007764870293900043
0.0007338615173496544
0.00069328592267404
0.0006552922849845432
0.0006172986472950463
0.0005793050096055495
0.0005413113719160527
0.0005059161855312907
0.0004736959208825066
0.0004414756562337221
0.0004092553915849378
0.0003770351269361533
0.00034757263156087764
0.0003213791900003846
0.00029518574843989166
0.00026899230687939854
0.0002427988653189056
0.00021940029234346367
0.00019921615660264478
0.00017903202086182591
0.00015884788512100703
0.0001386637493801883
0.00012186935417421767
0.00010885779093922554
9.584622770423335e-05
8.283466446924114e-05
6.9823101234249e-05
5.9427253141284924e-05
5.186390346247941e-05
4.430055378367392e-05
3.673720410486842e-05
2.9173854426062908e-05
2.3266653381999493e-05
1.9099747092688198e-05
1.5130503850919114e-05
1.2389661134777698e-05
9.860622212969997e-06
7.856104546642804e-06
6.386447447882935e-06
5.007979770267154e-06
4.179124350406676e-06
3.442283595320548e-06
2.9553122289504504e-06
2.7155977259476016e-06
2.5023449336666687e-06
2.4439105836182e-06
2.410620670258638e-06
2.394984297692315e-06
2.396300000722149e-06
2.3976157037519827e-06
2.4151383603153247e-06
2.4479459117866366e-06
2.563029279493537e-06
2.754780104678851e-06
2.9194532344952192e-06
3.149293110501224e-06
3.5487004276204173e-06
&