0.016256411487717837
0.015465317331420713
0.014295523778441776
0.01303761723134624
0.011667387047306722
0.010273516173316549
0.008991480206678268
0.007888164934844517
0.006972529473859226
0.006140194456322388
0.005380364089442681
0.004663035021927678
0.003989190286976589
0.0033615165619928283
0.002770935816932759
0.0022198763848051543
0.0017183916447462513
0.0013075253520359678
0.0009709711179229747
0.0007031269890935076
0.0004990226128550352
0.0003275555227120764
0.00018292845275855676
8.445088983979459e-05
3.4412908217830635e-05
1.2810571905375394e-05
4.206114406916305e-06
2.420909111497382e-06
2.5318984299484334e-06
2.761317970038611e-06
&