0.015773138422845074
0.01507687793183954
0.013946182076505652
0.012657781658818625
0.011223751481954612
0.009708339225378797
0.008307337937722667
0.00715934813247423
0.00624569269074824
0.005428745655476835
0.004696650615889775
0.0040350263867837575
0.003433791248804101
0.0028940597299699704
0.002405970868493263
0.0019528807512268942
0.0015369876365868597
0.0011828428732842248
0.0008836382387085896
0.0006379566109577489
0.0004498112520112445
0.0002944255114560576
0.00016612843333381824
7.851201401011861e-05
3.282169702954806e-05
1.2484145987302826e-05
4.228851874995702e-06
2.422732340418981e-06
2.4428103544023853e-06
2.647067862688055e-06
&