0.00691788469921504
0.006445415963773025
0.0057590696461307985
0.0049521077429888405
0.0040865425150114895
0.0033338485438408525
0.0027881473685883247
0.002365533396406959
0.0020418413723512466
0.0017808427969670923
0.0015426405117842626
0.0013344912888997589
0.0011556295269506745
0.0009903194930934993
0.0008284949474271652
0.0006785913798508216
0.0005489077193258189
0.00042622297287829336
0.0003169350236609928
0.0002272718190542507
0.0001521295577492884
9.305333123096954e-05
5.151235661896363e-05
2.4243405466038916e-05
1.0489444072952154e-05
4.751754316298822e-06
2.7189150549350135e-06
2.4096369650607402e-06
2.4746682516285263e-06
3.0073129280428136e-06
&