0.00591187979608787
0.005772353967596135
0.005591954990375343
0.0053719558667952375
0.005100309036218795
0.004781180820360782
0.004441234069698394
0.004087955412106588
0.003746013111001736
0.003420653286333076
0.0031193470514838356
0.0028508867494682765
0.002611121963405335
0.0024044428450146955
0.0022240498976139333
0.002066004789260556
0.001930544348539443
0.00179508390781833
0.0016712814490276574
0.0015628035138345153
0.001454325578641373
0.0013530609436872918
0.0012609187113874838
0.0011687764790876767
0.001081528989467061
0.0010002380147240094
0.0009189470399809576
0.0008415530905191479
0.0007687231388806019
0.0006958931872420557
0.0006276956721078861
0.0005647199745398672
0.0005017442769718484
0.00044355225503438705
0.00039055076452074205
0.0003375492740070967
0.0002897084266359154
0.000247257936376701
0.00020480744611748659
0.00016867730429988338
0.00013890240368818625
0.00010912750307648923
8.50211985184094e-05
6.640202793884945e-05
4.7782857359289606e-05
3.317205379330271e-05
2.286583039304153e-05
1.5695346430996718e-05
1.049813899046487e-05
6.90541430942698e-06
4.702879783241589e-06
3.368961078781898e-06
2.69852975204746e-06
2.481368328604051e-06
2.408212161038508e-06
2.4031661588931268e-06
2.416034396092527e-06
2.6093521403784077e-06
2.889049474855987e-06
3.3015602535158833e-06
&