0.0154336876125
0.0153178705138
0.015202053415
0.015025762741
0.014799501215
0.0145602778428
0.01419771227
0.0138351466972
0.0134623639942
0.0130838998031
0.012698174583
0.012281532666
0.011864890749
0.0114285906195
0.0109853020889
0.0105344213893
0.0100645203086
0.00959461922791
0.00913463015133
0.00867663062367
0.00824059365441
0.00784033253687
0.00744007141934
0.00709140028672
0.00674673614321
0.00643919405374
0.00617260345124
0.00590601284874
0.00563942224623
0.00537283164373
0.00513131592376
0.00490867235222
0.00468602878068
0.00446338520913
0.00424074163759
0.00404203433866
0.00385534916762
0.00366866399658
0.00348197882554
0.00329529365449
0.00313477791501
0.00298249177308
0.00283020563115
0.00267791948922
0.00252563334729
0.00239497186239
0.002267952425
0.0021409329876
0.00201391355021
0.00188689411281
0.00177558115201
0.00166507831474
0.00155457547747
0.0014440726402
0.00133451000021
0.00124442579524
0.00115434159027
0.0010642573853
0.000974173180335
0.000887169171823
0.000818908486429
0.000750647801036
0.000682387115643
0.000614126430249
0.000550584738612
0.000502299793739
0.000454014848865
0.000405729903992
0.000357444959118
0.000313412770802
0.000277963184843
0.000242513598884
0.000207064012925
0.000171614426966
0.000140556308729
0.000115405023836
9.02537389432e-05
7.31913556825e-05
5.63451198446e-05
4.3278914134e-05
3.3680759097e-05
2.4385093091e-05
1.91664531563e-05
1.39478132216e-05
1.02788208791e-05
7.57332695839e-06
5.13472329649e-06
4.054981623e-06
2.97523994951e-06
2.58977916561e-06
2.48554608383e-06
2.38131300206e-06
2.38931415145e-06
2.4310732532e-06
2.42623835624e-06
2.41024633553e-06
2.51373339659e-06
2.79317721236e-06
3.95810099167e-06
&