0.007215850579753244
0.00674957880713616
0.006068216148028977
0.005206416350066486
0.0043039364830988695
0.0035061537625178333
0.0028866382964677128
0.00244365940314942
0.0021107873292970578
0.0018248760604830045
0.001582300270840824
0.0013712719232423618
0.0011784264078559684
0.0010016178397292863
0.0008396697713256418
0.0006905387676498745
0.0005544982735067749
0.0004330102437231063
0.00032469915203447736
0.00023022349827300182
0.00015489561267751612
9.576552350099075e-05
5.1133903657473896e-05
2.3981618823119442e-05
1.046476745232154e-05
4.567866427033088e-06
2.677432380311493e-06
2.4130504149239204e-06
2.5155486818813977e-06
2.9936924605660963e-06
&