0.00199770456242
0.0019908687962
0.00198152852655
0.00196552792908
0.0019444533244
0.00191916896649
0.00188326816472
0.00184392164553
0.00179373787532
0.00173987170447
0.00167963679154
0.00161449058611
0.00154657745533
0.00147673140856
0.00140709173083
0.00133916004831
0.00127284470975
0.00120843095234
0.00114643116394
0.00108531188063
0.00102419259731
0.000964533604018
0.000908643101083
0.000852752598147
0.000796862095211
0.000745919030977
0.000696019426541
0.000646119822105
0.000598689662205
0.000555421711238
0.000512153760271
0.000468885809305
0.000431289442257
0.000394193509084
0.000357097575911
0.000323169016476
0.000292877828173
0.000262586639871
0.000232369023431
0.000208202692765
0.0001840363621
0.000159870031434
0.000139027119458
0.000120810780317
0.000102594441176
8.50442659644e-05
7.31660007749e-05
6.12877355855e-05
4.94094703961e-05
4.05357174359e-05
3.3268063179e-05
2.60004089221e-05
1.92518403497e-05
1.46032093197e-05
1.06448955351e-05
7.46044057354e-06
5.43658301806e-06
3.83114403851e-06
3.35021307682e-06
2.98403332183e-06
2.89704206975e-06
2.85195436198e-06
2.8391858772e-06
2.83948875794e-06
2.84232158041e-06
2.85247220743e-06
2.9077816227e-06
3.03263991093e-06
3.39593169544e-06
4.14104242689e-06
&