0.0005335107795327383
0.0005300295117513141
0.0005241753958562911
0.0005176735595975147
0.0005110802752320548
0.0005045714788306673
0.0004979456824224144
0.0004910701503500197
0.00048380597331595726
0.000476000327289496
0.00046742286838165976
0.0004578412687780957
0.00044746978192890854
0.0004361829966141445
0.0004238423997362048
0.00041059977367345016
0.00039644338582768573
0.0003822869979819212
0.0003676062225842622
0.00035223613496591173
0.00033686604734756105
0.0003212582961631297
0.00030534998037245873
0.0002894416645817878
0.0002720154796903158
0.00025274216810114214
0.00023346885651196852
0.00021392825995995366
0.00019407463285243503
0.00017422100574491654
0.00015556408812608782
0.00013825613635357295
0.00012094818458105793
0.00010531843495566018
9.150962003672217e-05
7.770080511778417e-05
6.57298361241091e-05
5.5678520472170656e-05
4.562720482023219e-05
3.762183767624714e-05
3.167371411353415e-05
2.5725590550821178e-05
2.0808110983977906e-05
1.6888282623183355e-05
1.2968454262388791e-05
9.657757536942324e-06
7.060268426984884e-06
5.264536115304109e-06
4.023101704330997e-06
3.2360763066284625e-06
2.8020092195269834e-06
2.528430173259461e-06
2.361259405397193e-06
2.2566508067351373e-06
2.183916509913505e-06
2.1394405314041465e-06
2.290341689454421e-06
2.570947462826203e-06
3.092801864430881e-06
3.6856052185326046e-06
&