0.002664658334778457
0.0026253550696619396
0.0025621028031056117
0.002481081921019082
0.002379516275356346
0.002261098200282417
0.0021367426354777733
0.0020099126396670632
0.0018873580895418054
0.0017688544075184832
0.001655478749164865
0.0015479790070132458
0.001445373010942711
0.0013485893022747153
0.0012586901848686992
0.0011758808163696403
0.0011006765747683628
0.0010254723331670852
0.0009549010049834383
0.0008904196837510309
0.0008259383625186226
0.0007646078576280246
0.0007072620773997941
0.0006499162971715637
0.0005958904149878368
0.0005459045862635389
0.0004959187575392404
0.00044882316867544454
0.00040511248175096557
0.00036140179482648676
0.00032099526594765244
0.00028431328040746744
0.00024763129486728223
0.00021467719206037791
0.00018576803167134838
0.00015685887128231895
0.00013152144900578874
0.00010991475241698789
8.830805582818715e-05
7.0907377650073e-05
5.773593805956769e-05
4.456449846906243e-05
3.429106416196072e-05
2.6822864715499093e-05
1.9354665269037482e-05
1.3587982640390632e-05
9.631338694570584e-06
6.910974912197439e-06
4.98859060672317e-06
3.7193035919661937e-06
3.011819731206849e-06
2.606674851638196e-06
2.4154022768246204e-06
2.344394454821639e-06
2.320216197359939e-06
2.3263675252463258e-06
2.4478464171911345e-06
2.6850742523108536e-06
3.0572476254320474e-06
3.54687070389543e-06
&