0.00846502228481405
0.007982581296781676
0.007259440473321497
0.006306064579567059
0.005197762084802254
0.004141519165734936
0.0033171278547757884
0.0027522637726317524
0.002353994493709187
0.002012863300598427
0.0017324474729214481
0.0014950963467886217
0.001277569710757189
0.001078328844828948
0.000903998063811847
0.0007440809298829627
0.0005983146293927107
0.0004710602208521206
0.0003555910484142458
0.0002517424851781242
0.00016894158537305697
0.00010390763305904809
5.2116514461231124e-05
2.3406218403040674e-05
9.191895534864242e-06
4.11627788427987e-06
2.570372648656208e-06
2.4025786166886543e-06
2.6686377183838965e-06
4.002558971354423e-06
&