0.0035106815631105906
0.0034094335728655986
0.00328720390397191
0.003156654122634216
0.003019866855530943
0.0028741817775234137
0.0027224527769639756
0.0025659516365623206
0.0024085596524275423
0.002254631405031343
0.002105706593379332
0.001965102914272306
0.0018357545077562504
0.0017179487674926278
0.0016122233728074879
0.0015157832469863705
0.0014260618020624915
0.0013363403571386122
0.0012529335459392126
0.0011749899902761063
0.001097046434613
0.001023549821241729
0.0009537337514221703
0.000883917681602611
0.000817807188337273
0.0007546301035339718
0.0006914530187306697
0.0006316359897538199
0.0005743624440382604
0.0005170888983227
0.00046511117946462484
0.000416965771613357
0.00036882036376208904
0.00032624673441258867
0.00028752631934747167
0.0002488059042823546
0.00021541528765569356
0.00018554576943666053
0.0001556762512176279
0.00013065775432209692
0.00010869946728860798
8.674118025511932e-05
6.92004506553993e-05
5.43194606045625e-05
3.943847055372579e-05
2.7955643286460595e-05
1.9093346432501174e-05
1.2799079958162706e-05
8.421433555353878e-06
5.3240802936006895e-06
3.4715926083827312e-06
2.334499972939186e-06
1.6389013366695233e-06
1.3463620353196774e-06
1.2415191323252543e-06
1.220760431810583e-06
1.230441654020477e-06
1.2374812796652107e-06
1.2778921427709416e-06
1.4030160134661048e-06
&