0.00029578794781446086
0.00029613802771442796
0.00029647558717999883
0.000296691018925846
0.0002968782618661814
0.00029682111525020875
0.0002964433708217231
0.0002960486744251124
0.00029553365819790157
0.0002949954873286156
0.00029437325370898775
0.0002936635665004795
0.0002929637290084124
0.00029231883725887536
0.0002916824110404074
0.0002909463319761243
0.00029012794881368696
0.0002893249686171004
0.0002885927629527551
0.00028786874583330613
0.00028711483104314905
0.0002863414150846884
0.00028551894179395257
0.0002845082021034129
0.0002834772475529632
0.0002821054998582113
0.0002805502761808924
0.00027899505250357357
0.00027743982882625474
0.00027586595227460474
0.00027376568279694494
0.0002714279196358704
0.000269090156474796
0.0002667523933137217
0.0002643076000382073
0.00025989877788691205
0.0002547610648907968
0.00024962335189468145
0.0002444856388985662
0.0002391313133814369
0.00023077068424329051
0.00022151604552079292
0.00021226140679829526
0.00020300676807579767
0.00019368941971600664
0.00018371436082964312
0.00017358277473838204
0.00016345118864712107
0.0001533196025558602
0.0001432916052524734
0.00013403829440512913
0.0001249396235885915
0.00011584095277205394
0.00010674228195551626
9.787064065850338e-05
9.031825766496202e-05
8.297859791971987e-05
7.563893817447769e-05
6.829927842923556e-05
6.12930760873116e-05
5.587129203749163e-05
5.0644190015054836e-05
4.541708799261798e-05
4.0189985970181155e-05
3.5386951713328455e-05
3.228814956302035e-05
2.9333357015976266e-05
2.637856446893223e-05
2.3423771921888154e-05
2.066575254438904e-05
1.852725196745931e-05
1.6430403321671667e-05
1.4333554675884016e-05
1.223670603009636e-05
1.028277886388533e-05
8.69245496596359e-06
7.141761963455457e-06
6.0164522783262794e-06
5.05516330428427e-06
4.2427436999413105e-06
3.743699134231607e-06
3.2674016532315655e-06
2.9860090049216404e-06
2.7651771539260923e-06
2.5846401146508294e-06
2.4754900831687145e-06
2.370016627241125e-06
2.2993892860561187e-06
2.2373048820773577e-06
2.1837127442958563e-06
2.1422889769833045e-06
2.1008652096707535e-06
2.1369995224886154e-06
2.2696403933120505e-06
2.434897876376503e-06
2.6371440783161438e-06
3.0322233906411666e-06
3.478889206902062e-06
3.836879589197137e-06
&