0.00744966765147
0.0069819584263
0.00643043485825
0.00582481203323
0.00518757543732
0.00457138000224
0.00400952093284
0.00352389703874
0.00310742923337
0.00271740855808
0.00235933159243
0.00203083379872
0.00172141395241
0.00143315408193
0.00117695233322
0.000944137052917
0.00073524516365
0.000566807643172
0.000420255946414
0.000293858178676
0.000197097304461
0.000121633465812
6.16830785641e-05
2.78878022238e-05
1.10209772939e-05
4.87635383021e-06
2.97637547211e-06
2.80896134323e-06
2.84165801658e-06
4.04157178909e-06
&