0.014823501360674871
0.014710695307062656
0.014590700994849997
0.014386962422091008
0.014162497354417027
0.013888302633005285
0.013533827950456554
0.013178625582709757
0.012815412663857115
0.012450257246500571
0.012072451778466577
0.011674861582472185
0.011275054681225924
0.010852119962260515
0.010423692675973914
0.00998446775004729
0.0095288781294821
0.009073931584881855
0.008625361545383126
0.008178273931619963
0.00775612177874516
0.007370598639316186
0.006989603543648082
0.006651384010316696
0.006322894954003347
0.006026055927044197
0.005774287233059856
0.005522518539075518
0.005270749845091176
0.005018981151106838
0.004785103753334686
0.0045759288154801694
0.00436675387762565
0.004157578939771134
0.003948404001916614
0.0037547053869311617
0.003581727924162849
0.003408750461394538
0.0032357729986262247
0.0030627955358579102
0.0029042407262584633
0.0027644142108946878
0.002624587695530913
0.0024847611801671384
0.0023449346648033624
0.0022162155260611206
0.0021014865945139394
0.0019867576629667588
0.0018720287314195792
0.001757299799872398
0.0016499055868608658
0.0015514733110092373
0.0014530410351576094
0.0013546087593059811
0.001256176483454353
0.0011665013093005545
0.0010872067848213777
0.001007912260342202
0.0009286177358630261
0.0008493232113838495
0.0007791279613209397
0.0007193979784438089
0.0006596679955666781
0.000599938012689547
0.0005402080298124165
0.0004886208270473513
0.00044612068231044533
0.00040362053757353933
0.0003611203928366336
0.00031862024809972754
0.00028147676331136557
0.0002501338837057504
0.0002187910041001351
0.0001874481244945199
0.00015610524488890462
0.00012905547556565897
0.00010651694222042304
8.484829116659947e-05
6.858562710575144e-05
5.325507641781641e-05
4.1139605192728587e-05
3.230258876485799e-05
2.396614089854447e-05
1.864669449826716e-05
1.3832346691778207e-05
1.0185230544583791e-05
7.693141991538218e-06
5.392263612026784e-06
4.210090728038668e-06
3.2096095023575213e-06
2.660944199273015e-06
2.5461418682183997e-06
2.431339537163785e-06
2.389784484814169e-06
2.4173094699303213e-06
2.4260474068290335e-06
2.4172789209870563e-06
2.494346144091569e-06
2.7203544561156765e-06
3.0451739848810195e-06
&