0.015779940687
0.015264331713
0.0142587320751
0.0129969437609
0.0115652844505
0.00999948839021
0.00847293329369
0.00721038694132
0.00623793670725
0.00537254164431
0.00460915748119
0.00393795422779
0.00332781651394
0.00278615858316
0.00231746534715
0.00187796347603
0.00146674540262
0.00112795079287
0.000837388751514
0.000591388629158
0.000411671454072
0.000263961722827
0.000140405598748
6.3647686192e-05
2.45420103513e-05
9.12496226149e-06
3.07466209747e-06
2.33486733209e-06
2.42875466663e-06
3.95881377775e-06
&