0.008424395165259446
0.007844253798171259
0.00702548107732162
0.006062542606526927
0.004954060656519115
0.0039478547856616995
0.0032288203163951213
0.0027042769038049517
0.0023156630322472226
0.002006386678732846
0.0017279955905241614
0.0014880510812325482
0.001283894035382031
0.0010973147104084676
0.0009198414607499781
0.0007590531513217145
0.000622648640769384
0.0004927119571967243
0.0003753586199549579
0.00027700715753846357
0.0001902688953940928
0.0001193276963441475
6.706962686879943e-05
3.14035274822451e-05
1.3107373128170256e-05
5.731239295548762e-06
2.989800389050102e-06
2.439700747925474e-06
2.462917504231365e-06
2.95439836199276e-06
&