0.0135627973496
0.0134911327559
0.0134194681622
0.0133478035684
0.0132761389747
0.013204474381
0.0130584266497
0.0129123789185
0.0127663311872
0.012620283456
0.0124742357248
0.0122800853072
0.0120859348896
0.011891784472
0.0116976340544
0.0115034836368
0.011323775939
0.0111440682412
0.0109643605435
0.0107846528457
0.010604945148
0.0104238754246
0.0102428057012
0.0100617359778
0.00988066625444
0.00969959653106
0.00951276244794
0.00932592836482
0.0091390942817
0.00895226019858
0.00876542611546
0.00856968689202
0.00837394766858
0.00817820844514
0.0079824692217
0.00778672999827
0.00759398536851
0.00740124073875
0.007208496109
0.00701575147924
0.00682300684949
0.00666822688733
0.00651344692518
0.00635866696303
0.00620388700087
0.00604910703872
0.00592089754426
0.00579268804981
0.00566447855536
0.00553626906091
0.00540805956646
0.00530873419872
0.00520940883097
0.00511008346323
0.00501075809549
0.00491143272774
0.00481210736
0.00471278199226
0.00461345662451
0.00451413125677
0.00441480588903
0.00432872443221
0.0042426429754
0.00415656151858
0.00407048006176
0.00398439860495
0.00389831714813
0.00381223569132
0.0037261542345
0.00364007277769
0.00355399132087
0.00347723353194
0.00340047574301
0.00332371795408
0.00324696016515
0.00317020237622
0.00309344458729
0.00301668679836
0.00293992900943
0.0028631712205
0.00278641343157
0.00271939469925
0.00265237596692
0.00258535723459
0.00251833850226
0.00245131976993
0.00238430103761
0.00231728230528
0.00225026357295
0.00218324484062
0.00211622610829
0.00205895088402
0.00200167565974
0.00194440043547
0.00188712521119
0.00182984998692
0.00177257476264
0.00171529953837
0.00165802431409
0.00160074908982
0.00154347386554
0.00149887406646
0.00145427426737
0.00140967446829
0.0013650746692
0.00132047487012
0.00127587507103
0.00123127527195
0.00118667547287
0.00114207567378
0.0010974758747
0.00106377326578
0.00103007065686
0.000996368047941
0.000962665439023
0.000928962830105
0.000895260221186
0.000861557612268
0.00082785500335
0.000794152394431
0.000760449785513
0.000733866176108
0.000707282566703
0.000680698957297
0.000654115347892
0.000627531738487
0.000600948129081
0.000574364519676
0.000547780910271
0.000521197300866
0.00049461369146
0.000474158188753
0.000453702686045
0.000433247183338
0.00041279168063
0.000392336177922
0.000371880675215
0.000351425172507
0.0003309696698
0.000310514167092
0.000290058664384
0.000274749485677
0.00025944030697
0.000244131128262
0.000228821949555
0.000213512770847
0.00019820359214
0.000182894413432
0.000167585234725
0.000152276056018
0.00013696687731
0.000126076217242
0.000115185557174
0.000104294897105
9.34042370373e-05
8.25135769691e-05
7.50035859558e-05
6.74935949425e-05
5.99836039292e-05
5.24736129159e-05
4.49636219026e-05
4.05478104872e-05
3.61319990717e-05
3.17161876563e-05
2.73003762409e-05
2.28845648255e-05
2.0524602316e-05
1.81646398065e-05
1.5804677297e-05
1.34447147875e-05
1.1084752278e-05
9.92738078265e-06
8.7700092873e-06
7.61263779194e-06
6.45526629659e-06
5.29789480124e-06
4.84650955528e-06
4.39512430932e-06
3.94373906336e-06
3.4923538174e-06
3.04096857144e-06
2.97328505042e-06
2.9056015294e-06
2.83791800839e-06
2.77023448737e-06
2.70255096635e-06
2.63486744534e-06
2.65680644273e-06
2.67874544013e-06
2.70068443753e-06
2.72262343493e-06
2.74677638298e-06
2.77092933102e-06
2.79508227906e-06
2.81923522711e-06
2.82822874027e-06
2.83722225344e-06
2.85096654763e-06
2.86471084183e-06
&