0.002395693788835882
0.0022892678306325165
0.002113865171032465
0.001902219542850236
0.001689682133462976
0.001488877160007855
0.0013027904447441645
0.0011364872020414904
0.0009915158470834614
0.0008587095879260072
0.0007382854469216644
0.0006280259600985901
0.0005266432227519148
0.00043456817192379885
0.00035157302461573506
0.00027658680216255556
0.0002101608356036435
0.00015490197971575556
0.00010854399866166525
7.111306911977603e-05
4.550474855572769e-05
2.7207357494587056e-05
1.4636940932834569e-05
7.392150802954745e-06
4.000847429506513e-06
2.7130713688037117e-06
2.356258670471794e-06
2.3121053756317184e-06
2.604066205422107e-06
3.274226124829385e-06
&