0.0131592800063
0.0125182758785
0.0113540146539
0.0101375673247
0.0089023794012
0.00760384479648
0.0063596802024
0.00541746591636
0.00471525687806
0.00408717766478
0.00351836126197
0.00299895095987
0.00251327312399
0.00206587816052
0.00167926399707
0.0013383282216
0.00104399909997
0.000821551511469
0.000626798918523
0.000457103822455
0.000321957613259
0.000209659555534
0.000114879303213
5.42210681525e-05
2.12435463768e-05
8.29781624578e-06
3.44150604135e-06
2.64233123253e-06
2.80359468432e-06
3.8817548536e-06
&