0.00504050239257
0.00499456454624
0.00494862669991
0.00489001444703
0.00482092900994
0.00475022860005
0.00466416044897
0.00457809229788
0.00448357042977
0.00438434766294
0.00428359899641
0.00417635320966
0.0040691074229
0.00395792004171
0.00384533144241
0.00373116460986
0.00361304388764
0.00349492316543
0.00337534055123
0.00325546450437
0.00313702759562
0.00302093496711
0.0029048423386
0.00279254120237
0.00268053455098
0.00257278283297
0.00246972497832
0.00236666712367
0.00226360926901
0.00216055141436
0.00206506257039
0.00197527040287
0.00188547823535
0.00179568606783
0.00170589390031
0.00162457763415
0.00154751843724
0.00147045924033
0.00139340004342
0.00131634084651
0.0012479249278
0.00118222709263
0.00111652925747
0.0010508314223
0.000985133587138
0.000928595501039
0.000873600109518
0.000818604717998
0.000763609326478
0.000708613934958
0.0006637870027
0.000619484548867
0.000575182095034
0.000530879641201
0.000487023683696
0.000452417965329
0.000417812246962
0.000383206528595
0.000348600810228
0.000315153805138
0.000288757693606
0.000262361582073
0.00023596547054
0.000209569359008
0.000185085599355
0.000166784570566
0.000148483541778
0.000130182512989
0.000111881484201
9.57773203947e-05
8.4106708879e-05
7.24360973632e-05
6.07654858475e-05
4.90948743317e-05
3.93837669134e-05
3.23083304993e-05
2.52328940852e-05
2.06326891536e-05
1.60986260704e-05
1.24898946697e-05
9.73012400653e-06
7.06801717159e-06
5.72224889174e-06
4.37648061188e-06
3.62670279028e-06
3.24748397114e-06
2.92294251081e-06
2.87678882247e-06
2.83063513414e-06
2.82219065548e-06
2.8290207934e-06
2.83585093131e-06
2.84007795718e-06
2.84352201576e-06
2.85652613217e-06
2.87181944356e-06
3.09762350037e-06
3.29128113253e-06
4.10742255338e-06
&