0.004106555763971698
0.004030905935398383
0.003927103907563069
0.003807387191172623
0.003689389422166758
0.0035608711579361565
0.003427444566633131
0.0032896401987123074
0.003128008957520268
0.002961345274598925
0.0028100618963343886
0.002657313361602138
0.002505849481389035
0.002356330758744179
0.002210086409185887
0.0020517601003497035
0.0019003275622629684
0.0017657359539362243
0.0016394247873753047
0.0015214961744831996
0.0014035675615910945
0.0012807932670204853
0.0011703160544851753
0.0010721140877871216
0.0009823645164067762
0.0009008564741153906
0.0008193484318240051
0.0007428880591326662
0.0006659027741134907
0.0005889174890943152
0.0005270555663856081
0.00047136319943963867
0.00041567083249366947
0.0003648209504612622
0.0003159454887113997
0.00026707002696153717
0.00022921670243986625
0.00019642085953521207
0.00016362501663055808
0.00013515937108167994
0.0001102993607488687
8.543935041605741e-05
6.785601191453027e-05
5.42050553940415e-05
4.055409887355279e-05
2.91788699593573e-05
2.1169583506017027e-05
1.435555764844182e-05
9.190732761818601e-06
5.911639243617563e-06
4.172593061398127e-06
3.201446188311128e-06
2.9197039536348842e-06
2.839376800847808e-06
2.830201369376106e-06
2.8379692694410526e-06
2.8484640336534205e-06
2.8802030619584254e-06
3.034417908126035e-06
3.4522979189313642e-06
&