0.002791926393376621
0.0027698154296979024
0.0027476334019518735
0.002714802423719345
0.0026784928593919606
0.002639233116087684
0.002591997773084061
0.0025446498963136647
0.002491680957892929
0.002436950866022188
0.0023807372915275625
0.0023208924485221866
0.002260947315508426
0.0021979964909433613
0.0021341440592029144
0.0020695809136125976
0.0020034363006420615
0.0019373321072831504
0.0018720931823245485
0.0018071022605544228
0.0017432238598640692
0.0016816033961946015
0.0016201436124872006
0.0015613591501482083
0.001503305781636619
0.001446942306825815
0.0013937158255396278
0.0013404893442534398
0.0012872628629672527
0.0012340363816810652
0.0011828375570986265
0.0011350894505170912
0.0010873413439355557
0.0010395932373540204
0.0009918451307724856
0.0009462483568295152
0.0009040145063247646
0.0008617806558200135
0.0008195468053152624
0.0007773129548105117
0.0007374528867535918
0.0007010064887574033
0.0006645600907612146
0.0006281136927650258
0.0005916672947688374
0.000557460646988608
0.0005262207887614558
0.0004949809305343035
0.0004637410723071512
0.00043250121407999886
0.0004037833025608481
0.00037814527815536005
0.0003525072537498721
0.0003268692293443842
0.00030123120493889615
0.00027809862361720004
0.0002577888326139642
0.00023747904161072858
0.0002171692506074929
0.00019685945960425715
0.00017887932099358816
0.00016332159275742598
0.00014776386452126371
0.00013220613628510153
0.00011664840804893923
0.00010371256767591601
9.329317386893642e-05
8.287378006195679e-05
7.245438625497718e-05
6.20349924479976e-05
5.377471746579753e-05
4.7426979545471655e-05
4.1079241625145745e-05
3.473150370481987e-05
2.8383765784493993e-05
2.3391136227839017e-05
1.9505887175739184e-05
1.5786746763364613e-05
1.2870554082048998e-05
1.005590200469448e-05
7.876312327263855e-06
6.175179052057627e-06
4.654938716190112e-06
3.95611677304703e-06
3.3502080214733867e-06
3.0440243867981686e-06
2.9458314330736625e-06
2.8632159662202824e-06
2.8472943967279925e-06
2.838026639484941e-06
2.836280436877079e-06
2.8393358171175113e-06
2.8423911973579432e-06
2.8487150058654708e-06
2.857021949980175e-06
2.901677370650557e-06
2.9676454947241685e-06
3.176031411612835e-06
3.398946365985253e-06
3.7599084602693226e-06
&