0.005679901398894706
0.0055721060480155805
0.005407756596379316
0.005203715817123205
0.004962923604311769
0.004689791345422535
0.004391910047562102
0.004070632353132202
0.003726849368244354
0.0033771758575933163
0.0030287040607931506
0.002699253060937181
0.002418948416241765
0.002190168918551326
0.002005744044260844
0.001852021294934626
0.0017199016438900906
0.001587781992845555
0.0014694701507321282
0.0013631044628817032
0.0012567387750312769
0.0011606565952321404
0.001073085634325285
0.000985514673418429
0.0009062517884737034
0.0008335657425104286
0.0007608796965471525
0.0006952870875542363
0.0006350640435718435
0.0005748409995894497
0.0005213631195673222
0.0004727663594879875
0.0004241695994086528
0.0003806280659276247
0.00034058252054684334
0.00030053697516606206
0.0002647654165291873
0.00023181744082738384
0.00019886946512558086
0.00016981527771012958
0.00014321744093095978
0.00011661960415179028
9.438654640142473e-05
7.47814511799226e-05
5.51763559584206e-05
3.9573659923563504e-05
2.7148498713643053e-05
1.8097530325968144e-05
1.1767071156991438e-05
7.291679199842027e-06
4.6839963284332995e-06
3.0855481914955176e-06
2.095795651254626e-06
1.6371299350210374e-06
1.4417624049628218e-06
1.366608449038554e-06
1.349413051450676e-06
1.411859576165173e-06
1.5424293172816658e-06
1.7249784252924159e-06
&