0.008395746915579115
0.008162639401169413
0.007840869933918583
0.007495285113592984
0.007174506566153424
0.006832126772035275
0.006477009883915841
0.0061110999350373185
0.005697189556480885
0.0052933048627670145
0.004946430150836443
0.004620837788062698
0.004321958481488499
0.00405160775508718
0.003810585238225151
0.003563144419826968
0.0033368879766461955
0.00313581751617881
0.002948848634652317
0.002776155228472431
0.0026034618222925453
0.0024188085639481297
0.002246118632024521
0.0020926164703146473
0.001946352953023237
0.0018071474939859683
0.0016679420349486995
0.0015327652211397222
0.0013879004301686408
0.0012430356391975588
0.0011239457083749304
0.001013945396950291
0.0009039450855256515
0.0008020929279216051
0.0007015267362572147
0.0006009605445928241
0.0005223901517671943
0.0004536079452505954
0.00038482573873399687
0.000323563613853955
0.00026708488113243655
0.0002106061484109179
0.00016910207672387906
0.0001351756215820036
0.00010124916644012827
7.234642386124492e-05
5.09962308916024e-05
3.365548005205539e-05
2.123276863406994e-05
1.3802210318761252e-05
9.222580458110635e-06
6.072775682328392e-06
4.253827184088259e-06
3.2723558924524044e-06
2.86223458704626e-06
2.801327374131423e-06
2.8101548388142304e-06
2.8372057664930724e-06
2.86700370307204e-06
3.1820416706263393e-06
&