0.015945715303439627
0.015819101015110987
0.015685633007317446
0.015472318168673312
0.01523924143921056
0.01496310034380799
0.014617439246471204
0.014270431360267793
0.01390859766604502
0.013543168824682412
0.013162615305959049
0.01275840673361563
0.012351985231434428
0.011922475302016197
0.011487482160023403
0.011040013090436443
0.010573635745317236
0.010108290878915726
0.009653183692305578
0.009200456586908186
0.00877314522835461
0.008383168400614236
0.007997581043021031
0.0076534601693713
0.007318771986888889
0.007013285263343875
0.006749382055028189
0.006485478846712503
0.006221575638396812
0.00595767243008113
0.005710864187298239
0.005487658913012366
0.005264453638726497
0.005041248364440627
0.004818043090154757
0.004607254837613789
0.004413091658085089
0.004218928478556389
0.004024765299027689
0.003830602119498988
0.003649964000394228
0.0034868886215293515
0.0033238132426644767
0.0031607378637996
0.0029976624849347247
0.002843854573213357
0.0027017194254513677
0.002559584277689378
0.0024174491299273895
0.002275313982165401
0.0021395561151302824
0.0020115903383911326
0.001883624561651983
0.0017556587849128329
0.001627693008173683
0.001510492440529868
0.001406052928786593
0.0013016134170433184
0.0011971739053000443
0.0010927343935567694
0.0010003789785695146
0.0009219217378173914
0.0008434644970652679
0.0007650072563131445
0.0006865500155610217
0.0006192400860535306
0.0005643701663146716
0.0005095002465758128
0.0004546303268369538
0.00039976040709809485
0.000351664116245648
0.00031090283399967563
0.00027014155175370295
0.00022938026950773037
0.00018861898726175763
0.00015389075974109347
0.00012550211628512987
9.832598443192608e-05
7.868515019089563e-05
6.034357021783007e-05
4.608272387163181e-05
3.598305017754622e-05
2.6465324600738976e-05
2.045508722399856e-05
1.5032064463335406e-05
1.0928049903250397e-05
8.129252569278984e-06
5.545900053538359e-06
4.223041671985523e-06
3.104903183597821e-06
2.5173253532591027e-06
2.439226300517096e-06
2.361127247775089e-06
2.358378809475611e-06
2.4266940797641624e-06
2.454000538422779e-06
2.4430935649244195e-06
2.4818462829426825e-06
2.6758761654689737e-06
3.004918189087809e-06
&