0.004828117347289446
0.0047967924581267165
0.004765467568963987
0.004744584309522169
0.00472370105008035
0.004687903858683039
0.00464600727204267
0.004618076214282425
0.004590145156522178
0.00454824856988181
0.004500620738742398
0.004466278512681322
0.004431936286620244
0.0043804229475286295
0.004328909608437015
0.004291633232034641
0.0042527999136824
0.004194549936154044
0.004136299958625686
0.004097466640273449
0.004057671851427216
0.0039959273656852345
0.003934182879943252
0.003893019889448599
0.003851856898953943
0.0037889838041423114
0.0037247204242467405
0.003681878170983029
0.003639035917719314
0.0035747725378237434
0.003509176306527335
0.00346490313492298
0.0034206299633186233
0.003354220205912091
0.003287810448505557
0.0032433366618500395
0.003198773099595953
0.0031319277562148265
0.003065082412833699
0.0030205188505796152
0.002955039413966197
0.002890350254550838
0.0028472241482739337
0.0028040980419970296
0.002739585226461109
0.0026767550429776877
0.0026353115687532814
0.0025938680945288744
0.0025317028831922618
0.0024695376718556505
0.0024312934151601816
0.002393151559851803
0.0023359387768892323
0.0022787259939266637
0.0022405841386182847
0.002202442283309906
0.002145229500347336
0.0020880167173847664
0.002049874862076388
0.0020117330067680097
0.001959128532746255
0.0019089139844552672
0.0018754376189279432
0.001841961253400619
0.0017917467051096303
0.0017415321568186423
0.0017080557912913178
0.0016745794257639938
0.0016243648774730052
0.0015741826296818777
0.0015456730871715257
0.001517163544661174
0.0014743992308956446
0.0014316349171301153
0.0014031253746197635
0.0013746158321094122
0.0013318515183438824
0.0012890872045783533
0.0012605776620680017
0.0012320681195576498
0.0011937727638171617
0.0011575467133539438
0.0011333960130451327
0.001109245312736322
0.0010730192622731038
0.001036793211809886
0.001012642511501075
0.000988491811192264
0.0009522657607290456
0.0009162097226805745
0.0008959210089294692
0.0008756322951783638
0.0008451992245517042
0.0008147661539250454
0.00079447744017394
0.0007741887264228345
0.000743755655796175
0.000713322585169516
0.0006930338714184105
0.0006727451576673053
0.0006464465209084858
0.0006218487526836706
0.0006054502405337947
0.0005890517283839187
0.0005644539601591033
0.0005398561919342885
0.0005234576797844123
0.0005070591676345362
0.00048246139940972106
0.00045815486567080235
0.00044532799608109144
0.00043250112649137967
0.0004132608221068131
0.00039402051772224596
0.00038119364813253494
0.00036836677854282327
0.00034912647415825666
0.00032988616977368946
0.0003170593001839785
0.00029874155402046605
0.0002834974643301025
0.0002737442512135388
0.0002639910380969758
0.0002493612184221305
0.00023473139874728596
0.00022497818563072227
0.0002152249725141592
0.000200595152839314
0.00018596533316446944
0.0001765712670882274
0.00016983458730613
0.00015972956763298353
0.00014962454795983747
0.00014288786817773973
0.00013615118839564234
0.00012604616872249587
0.00011594114904934984
0.00010920446926725208
0.0001024677894851547
9.314642386792441e-05
8.628235151779489e-05
8.200296500279759e-05
7.772357848780054e-05
7.13044987153047e-05
6.488541894280913e-05
6.0606032427811835e-05
5.6326645912814786e-05
4.9907566140318946e-05
4.3488486367823384e-05
3.947367616086871e-05
3.6884027792124655e-05
3.2999555239008444e-05
2.9115082685892382e-05
2.652543431714819e-05
2.3935785948404147e-05
2.132442750012601e-05
1.8788632793099648e-05
1.7098102988415306e-05
1.5407573183731063e-05
1.3094429492289358e-05
1.144066266033506e-05
1.0409509715138064e-05
9.378356769941126e-06
7.831627352145659e-06
6.523875535770758e-06
6.042453574739057e-06
5.561031613707385e-06
4.838898672159849e-06
4.116765730612342e-06
3.703635282240816e-06
3.5740554186516373e-06
3.379685623267861e-06
3.1853158278840933e-06
3.055735964294907e-06
2.9261561007057284e-06
2.8968692141319284e-06
2.8728663442572638e-06
2.8568644310074873e-06
2.8408625177577117e-06
2.823406396557413e-06
2.824317925322115e-06
2.8266836620373357e-06
2.8290493987525564e-06
2.832598003825387e-06
2.83614660889822e-06
2.83842605394476e-06
2.840406752611561e-06
2.8433778006117625e-06
2.8463488486119634e-06
2.849813801487119e-06
2.8582027596841603e-06
2.8707861969797215e-06
2.8833696342752836e-06
2.9154384539985944e-06
3.0228567912563346e-06
3.170001713363593e-06
3.2795019419019154e-06
3.4125713254575924e-06
3.6839882505297367e-06
&