0.00592266801004
0.00580467250292
0.00567867495679
0.00553139726296
0.00537197707336
0.00520248261527
0.00502123792108
0.00483655965049
0.00464358995119
0.00444937224916
0.00425299611619
0.00405761455857
0.00386279332509
0.00367122329444
0.00348187166434
0.00330086094612
0.00312598876526
0.00295833839303
0.00280224133309
0.00265035839114
0.0024984754492
0.00235115899404
0.00221562702089
0.00208009504774
0.00194456307459
0.00182148362159
0.00170103051829
0.00158057741498
0.00146551150558
0.00135952562461
0.00125353974364
0.00114755386267
0.00105667277257
0.00096712445813
0.000877576143693
0.000796371669607
0.000724749154118
0.000653126638628
0.000581687673477
0.000525345723697
0.000469003773917
0.000412661824137
0.000363529318309
0.00032009459883
0.000276659879351
0.000234449372074
0.000202662157255
0.000170874942436
0.000139087727618
0.000114128180791
9.28184472688e-05
7.15087137467e-05
5.17976333199e-05
3.85538313239e-05
2.76127971109e-05
1.92532095844e-05
1.35741455128e-05
8.85553284115e-06
6.41085652073e-06
4.41685180125e-06
3.51932644073e-06
3.02761219107e-06
2.84889055351e-06
2.82467157306e-06
2.83035633269e-06
2.83560441754e-06
2.84278127225e-06
2.85404288694e-06
3.14581585821e-06
4.08000531136e-06
&