0.0023119300702805156
0.0021970317972649003
0.0020219061888936676
0.0018327572889172328
0.001631308258125788
0.0014373532064257126
0.0012661029576165926
0.001102240243288212
0.0009572103611213068
0.0008326681006582605
0.0007123667841650716
0.0006028965656739429
0.0005089837628180446
0.00042340373023453905
0.0003417211658667301
0.00026785451886394946
0.00020592961709919896
0.00015132244698662405
0.00010541133185230842
7.035151215303837e-05
4.4943778728807925e-05
2.666324879169488e-05
1.4912420059276353e-05
7.509821834817535e-06
4.003075774392537e-06
2.755006683836056e-06
2.366892159921208e-06
2.3018029023713793e-06
2.553709495114498e-06
3.2722038572196442e-06
&