0.0148137016263
0.0146102979429
0.0143506790182
0.0139415646163
0.0134409516959
0.0128644251693
0.0123165693519
0.0117743671483
0.0112258556677
0.0106718706718
0.0101084191861
0.00952558832217
0.00893183949866
0.00834553589238
0.00777683455981
0.00728196778558
0.00681994704864
0.00639656870851
0.0060361022666
0.0056985831974
0.0053610641282
0.0050369844917
0.00474758726213
0.00445819003257
0.004168792803
0.00390849973977
0.00365434500981
0.00340019027985
0.00315937473719
0.00294104217957
0.00272270962195
0.00250437706433
0.002313558637
0.00212516792706
0.00193677721711
0.00176500561242
0.00161231917377
0.00145963273511
0.00130735137862
0.0011883880295
0.00106942468039
0.000950461331272
0.000845958630275
0.000752884506017
0.000659810381759
0.000569194999767
0.000499514051929
0.000429833104092
0.000360152156254
0.000302256524473
0.000250660877312
0.000199065230151
0.000150410679889
0.000113654203451
8.23456057211e-05
5.71441841237e-05
3.98296106824e-05
2.53409097568e-05
1.75403896381e-05
1.08969066443e-05
7.06848304705e-06
4.59442207988e-06
3.16494931143e-06
2.79775763931e-06
2.63616876002e-06
2.63631236442e-06
2.70063975615e-06
2.78847620108e-06
2.83987901022e-06
3.87735346812e-06
&