   1  30  0.000000  1362.00  0.000000  0.000000  5000.00  4.000000E-04  0.500000  1  3.000000E-06  230.000  4.000000E-11  7.000000E-10  235.000  5.000000E-11  1.500000E-09  0.000000  0.000000  0.000000  5.00000  0.000000  2.000000E+14  0.000000  0.000000  0.000000  0.000000  0.000000  0.000000  30  2.00000  0  0  239.400  0  0.000000  1.00000  0  1  1.00000  1.00000  3.000000E-02  4.00000  4.000000E-04  1.00000  0.000000  1.00000  1  1  2.00000  0.200000  0  0  3
   300.821
   269.286
   254.538
   233.332
   223.335
   217.079
   212.733
   209.370
   206.544
   203.948
   201.441
   198.997
   196.576
   194.127
   191.582
   188.869
   185.920
   182.657
   179.000
   174.872
   170.218
   165.008
   159.241
   152.942
   146.158
   138.955
   131.410
   123.603
   115.611
   107.495
   99.3292
   0.000000
   313.716
   652.883
   999.836
   1353.62
   1723.02
   2111.54
   2521.31
   2953.82
   3410.28
   3891.74
   4399.37
   4934.53
   5498.79
   6093.89
   6721.68
   7384.16
   8083.43
   8821.74
   9601.44
   10425.1
   11295.5
   12216.2
   13191.8
   14228.0
   15333.3
   16519.4
   17803.4
   19210.9
   20781.0
   22575.9
   464.300
   397.099
   373.690
   354.927
   346.265
   341.136
   337.631
   335.018
   332.934
   331.211
   329.671
   328.262
   326.973
   325.782
   324.669
   323.621
   322.623
   321.672
   320.762
   319.897
   319.085
   318.335
   317.658
   317.067
   316.566
   316.160
   315.844
   315.596
   315.250
   314.109
   313.540
   200.276
   133.040
   82.3217
   49.7543
   37.8471
   31.3334
   27.0737
   23.9622
   21.5286
   19.5569
   17.7378
   16.0189
   14.3884
   12.8326
   11.3406
   9.89454
   8.49122
   7.14717
   5.88188
   4.71548
   3.66642
   2.74601
   1.97017
   1.34752
   0.874562
   0.536169
   0.308214
   0.164386
   7.619478E-02
   2.429162E-02
   0.000000
  -9.505082E-03
   3.64545
  -2.08103
  -0.593688
  -0.322114
  -0.171557
  -0.111973
  -7.520893E-02
  -5.020079E-02
  -6.026689E-02
  -6.919488E-02
  -7.824729E-02
  -8.550184E-02
  -8.936945E-02
  -9.495160E-02
  -9.749567E-02
  -9.412337E-02
  -8.397433E-02
  -6.951695E-02
  -5.205684E-02
  -3.373100E-02
  -1.440100E-02
   3.809333E-03
   1.973327E-02
   3.054743E-02
   3.615651E-02
   4.032946E-02
   8.312219E-02
   0.313325
   0.206852
   0.000000
   5.35609
   0.802479
   0.138660
   2.712279E-02
   1.045421E-02
   5.349614E-03
   3.196241E-03
   2.075253E-03
   1.401741E-03
   1.299438E-03
   1.283659E-03
   1.269687E-03
   1.255405E-03
   1.241930E-03
   1.223490E-03
   1.209038E-03
   1.187822E-03
   1.170463E-03
   1.143138E-03
   1.122483E-03
   1.092938E-03
   1.058433E-03
   1.018882E-03
   9.841076E-04
   9.460966E-04
   9.008429E-04
   8.363118E-04
   7.567143E-04
   0.000000
   0.000000
   0.000000
   0.000000
   0.000000
   6.535182E-03
   6.997786E-03
   7.384423E-03
   7.728992E-03
   8.053081E-03
   8.406158E-03
   8.859325E-03
   9.460424E-03
   1.027643E-02
   1.130621E-02
   1.259911E-02
   1.423165E-02
   1.631081E-02
   1.898452E-02
   2.256330E-02
   2.721503E-02
   3.333655E-02
   4.141427E-02
   5.279352E-02
   6.938266E-02
   9.646689E-02
   0.142067
   0.228039
   0.477470
   3.52505
   113.460
   0.000000
   1.690035E+21
   9.670699E+20
   2.031921E+20
   4.175646E+19
   1.648389E+19
   8.582738E+18
   5.202960E+18
   3.421804E+18
   2.338953E+18
   2.191930E+18
   2.191930E+18
   2.191930E+18
   2.191930E+18
   2.191930E+18
   2.191930E+18
   2.191930E+18
   2.191930E+18
   2.191930E+18
   2.191930E+18
   2.191930E+18
   2.191930E+18
   2.191930E+18
   2.191930E+18
   2.191930E+18
   2.191930E+18
   2.191930E+18
   2.191930E+18
   2.191930E+18
   2.191930E+18
   2.191930E+18
   1.859812E+20
   1.859812E+20
   1.859812E+20
   1.859812E+20
   1.859812E+20
   1.859812E+20
   1.859812E+20
   1.859812E+20
   1.859812E+20
   1.859812E+20
   1.859812E+20
   1.859812E+20
   1.859812E+20
   1.859812E+20
   1.859812E+20
   1.859812E+20
   1.859812E+20
   1.859812E+20
   1.859812E+20
   1.859812E+20
   1.859812E+20
   1.859812E+20
   1.859812E+20
   1.859812E+20
   1.859812E+20
   1.859812E+20
   1.859812E+20
   1.859812E+20
   1.859812E+20
   1.859812E+20
   6.081379E+15
   1.559819E+16
   2.113676E+16
   2.384116E+16
   2.528048E+16
   2.611094E+16
   2.646402E+16
   2.643453E+16
   2.620229E+16
   2.598197E+16
   2.586707E+16
   2.595572E+16
   2.613495E+16
   2.639571E+16
   2.675072E+16
   2.721281E+16
   2.779049E+16
   2.861837E+16
   2.950072E+16
   3.041159E+16
   3.125295E+16
   3.231290E+16
   3.366533E+16
   3.611849E+16
   3.973659E+16
   4.577936E+16
   6.536768E+16
   3.043575E+17
   2.568800E+18
   1.969091E+18
   7.304572E+23
   7.304572E+23
   7.304572E+23
   7.304572E+23
   7.304572E+23
   7.304572E+23
   7.304572E+23
   7.304572E+23
   7.304572E+23
   7.304572E+23
   7.304572E+23
   7.304572E+23
   7.304572E+23
   7.304572E+23
   7.304572E+23
   7.304572E+23
   7.304572E+23
   7.304572E+23
   7.304572E+23
   7.304572E+23
   7.304572E+23
   7.304572E+23
   7.304572E+23
   7.304572E+23
   7.304572E+23
   7.304572E+23
   7.304572E+23
   7.304572E+23
   7.304572E+23
   7.304572E+23
   9.451729E-02
   1.470877E-02
   2.592486E-03
   5.095009E-04
   1.947393E-04
   9.767228E-05
   5.659068E-05
   3.527832E-05
   2.266276E-05
   1.979714E-05
   1.826152E-05
   1.671277E-05
   1.514773E-05
   1.360459E-05
   1.204567E-05
   1.058444E-05
   9.140989E-06
   7.819952E-06
   6.540431E-06
   5.416761E-06
   4.372821E-06
   3.442969E-06
   2.634159E-06
   1.968758E-06
   1.418273E-06
   9.727373E-07
   6.188347E-07
   3.594905E-07
   0.000000
   0.000000
   9.945824E-06
   2.552569E-05
   3.462218E-05
   3.909656E-05
   4.151389E-05
   4.293740E-05
   4.358115E-05
   4.359828E-05
   4.328255E-05
   4.298508E-05
   4.286160E-05
   4.307885E-05
   4.344612E-05
   4.395401E-05
   4.462272E-05
   4.547507E-05
   4.652774E-05
   4.800863E-05
   4.958917E-05
   5.123313E-05
   5.276994E-05
   5.469162E-05
   5.712674E-05
   6.146082E-05
   6.782460E-05
   7.841977E-05
   1.125181E-04
   5.333236E-04
   1.008184E-02
   0.000000
   266.258
   266.258
   266.258
   266.258
   266.258
   266.258
   266.258
   266.258
   266.258
   266.258
   266.258
   266.258
   266.258
   266.258
   266.258
   266.258
   266.258
   266.258
   266.258
   266.258
   266.258
   266.258
   266.258
   266.258
   266.258
   266.258
   266.258
   266.258
   266.258
   266.258
   156.858
   483.300
   826.359
   1176.73
   1538.32
   1917.28
   2316.42
   2737.56
   3182.05
   3651.01
   4145.56
   4666.95
   5216.66
   5796.34
   6407.79
   7052.92
   7733.79
   8452.59
   9211.59
   10013.2
   10860.3
   11755.9
   12704.0
   13709.9
   14780.7
   15926.4
   17161.4
   18507.1
   19995.9
   21678.4
   1000.40
   938.786
   874.789
   809.508
   743.920
   678.880
   615.132
   553.313
   493.958
   437.508
   384.314
   334.643
   288.684
   246.555
   208.307
   173.932
   143.365
   116.496
   93.1687
   73.1919
   56.3428
   42.3732
   31.0156
   21.9887
   15.0037
   9.76960
   5.99940
   3.41581
   1.75709
   0.782895
   0.280117
   969.593
   906.787
   842.149
   776.714
   711.400
   647.006
   584.222
   523.635
   465.733
   410.911
   359.479
   311.663
   267.620
   227.431
   191.120
   158.649
   129.931
   104.832
   83.1803
   64.7673
   49.3580
   36.6944
   26.5021
   18.4962
   12.3866
   7.88450
   4.70760
   2.58645
   1.26999
   0.531506
   269.056
   261.912
   243.935
   228.333
   220.207
   214.906
   211.051
   207.957
   205.246
   202.694
   200.219
   197.787
   195.352
   192.855
   190.225
   187.394
   184.288
   180.828
   176.936
   172.545
   167.613
   162.125
   156.092
   149.550
   142.557
   135.183
   127.507
   119.607
   111.553
   103.412
   300.821
   300.821
   300.821
   300.821
   300.821
   300.821
   300.821
   300.821
   300.821
   300.821
   300.821
   300.821
   300.821
   300.821
   300.821
   300.821
   300.821
   300.821
   300.821
   300.821
   300.821
   300.821
   300.821
   300.821
   300.821
   300.821
   300.821
   300.821
   300.821
   300.821
   0.200000
   0.200000
   0.200000
   0.200000
   0.200000
   0.200000
   0.200000
   0.200000
   0.200000
   0.200000
   0.200000
   0.200000
   0.200000
   0.200000
   0.200000
   0.200000
   0.200000
   0.200000
   0.200000
   0.200000
   0.200000
   0.200000
   0.200000
   0.200000
   0.200000
   0.200000
   0.200000
   0.200000
   0.200000
   0.200000
   0.000000
   0.000000
   0.000000
   0.000000
   0.000000
   0.000000
   0.000000
   0.000000
   0.000000
   0.000000
   0.000000
   0.000000
   0.800000
   0.000000
   0.000000
   0.000000
   0.000000
   0.000000
   0.000000
   0.000000
   0.000000
   0.000000
   0.000000
   0.000000
   0.000000
   0.000000
   0.000000
   0.000000
   0.000000
   0.000000
   0.000000
   0.000000
   0.000000
   0.000000
   0.000000
   0.000000
   0.000000
   0.000000
   0.000000
   0.000000
   0.000000
   0.000000
   0.000000
   0.000000
   0.000000
   0.000000
   0.000000
   0.000000
   0.000000
   0.000000
   0.000000
   0.000000
   0.000000
   0.000000
   0.000000
   0.000000
   0.000000
   0.000000
   0.000000
   0.000000
