   1  30  0.000000  1362.00  0.000000  0.000000  5000.00  4.000000E-04  0.500000  1  3.000000E-06  230.000  4.000000E-11  7.000000E-10  235.000  5.000000E-11  1.500000E-09  0.000000  0.000000  0.000000  5.00000  0.000000  2.000000E+14  0.000000  0.000000  0.000000  0.000000  0.000000  0.000000  30  2.00000  0  0  239.400  0  0.000000  1.00000  0  1  1.00000  1.00000  3.000000E-02  4.00000  4.000000E-04  1.00000  0.000000  1.00000  1  1  2.00000  0.200000  0  0  3
   300.959
   269.368
   254.587
   233.346
   223.343
   217.084
   212.736
   209.372
   206.544
   203.945
   201.435
   198.988
   196.564
   194.112
   191.563
   188.847
   185.894
   182.629
   178.968
   174.838
   170.182
   164.970
   159.201
   152.901
   146.116
   138.912
   131.366
   123.558
   115.566
   107.449
   99.2833
   0.000000
   313.813
   653.065
   1000.06
   1353.86
   1723.28
   2111.80
   2521.58
   2954.09
   3410.55
   3892.00
   4399.61
   4934.74
   5498.97
   6094.01
   6721.73
   7384.12
   8083.30
   8821.49
   9601.04
   10424.5
   11294.7
   12215.3
   13190.5
   14226.5
   15331.5
   16517.2
   17800.7
   19207.6
   20777.1
   22571.2
   465.139
   397.666
   374.171
   355.366
   346.693
   341.559
   338.051
   335.437
   333.350
   331.626
   330.085
   328.674
   327.383
   326.191
   325.077
   324.027
   323.029
   322.077
   321.166
   320.300
   319.488
   318.737
   318.060
   317.469
   316.969
   316.563
   316.246
   315.999
   315.652
   314.509
   313.939
   200.762
   133.256
   82.4040
   49.7716
   37.8521
   31.3351
   27.0734
   23.9606
   21.5260
   19.5535
   17.7337
   16.0142
   14.3832
   12.8269
   11.3348
   9.88867
   8.48543
   7.14162
   5.87680
   4.71094
   3.66254
   2.74285
   1.96766
   1.34566
   0.873235
   0.535309
   0.307666
   0.164044
   7.596829E-02
   2.416277E-02
   0.000000
  -8.978415E-03
   3.65381
  -2.08706
  -0.594540
  -0.321951
  -0.171441
  -0.111791
  -7.495971E-02
  -4.996705E-02
  -6.002764E-02
  -6.892297E-02
  -7.798817E-02
  -8.522439E-02
  -8.909952E-02
  -9.465168E-02
  -9.719068E-02
  -9.384525E-02
  -8.370203E-02
  -6.920478E-02
  -5.179128E-02
  -3.345793E-02
  -1.420165E-02
   3.990229E-03
   1.988431E-02
   3.065555E-02
   3.623943E-02
   4.037024E-02
   8.327138E-02
   0.313869
   0.207120
   0.000000
   5.36632
   0.802666
   0.138401
   2.702958E-02
   1.041316E-02
   5.327425E-03
   3.182407E-03
   2.065940E-03
   1.395054E-03
   1.291802E-03
   1.278027E-03
   1.264736E-03
   1.250619E-03
   1.233513E-03
   1.219140E-03
   1.202022E-03
   1.183096E-03
   1.161958E-03
   1.139560E-03
   1.116307E-03
   1.089443E-03
   1.048130E-03
   1.021398E-03
   9.808196E-04
   9.405536E-04
   8.887680E-04
   8.123980E-04
   7.998429E-04
   0.000000
   0.000000
   0.000000
   0.000000
   0.000000
   6.535182E-03
   6.997786E-03
   7.384423E-03
   7.728992E-03
   8.053081E-03
   8.406158E-03
   8.859325E-03
   9.460424E-03
   1.027643E-02
   1.130621E-02
   1.259911E-02
   1.423165E-02
   1.631081E-02
   1.898452E-02
   2.256330E-02
   2.721503E-02
   3.333655E-02
   4.141427E-02
   5.279352E-02
   6.938266E-02
   9.646689E-02
   0.142067
   0.228039
   0.477470
   3.52505
   113.460
   0.000000
   1.700510E+21
   9.719650E+20
   2.037841E+20
   4.180753E+19
   1.649657E+19
   8.587466E+18
   5.204807E+18
   3.422135E+18
   2.338406E+18
   2.191930E+18
   2.191930E+18
   2.191930E+18
   2.191930E+18
   2.191930E+18
   2.191930E+18
   2.191930E+18
   2.191930E+18
   2.191930E+18
   2.191930E+18
   2.191930E+18
   2.191930E+18
   2.191930E+18
   2.191930E+18
   2.191930E+18
   2.191930E+18
   2.191930E+18
   2.191930E+18
   2.191930E+18
   2.191930E+18
   2.191930E+18
   1.859812E+20
   1.859812E+20
   1.859812E+20
   1.859812E+20
   1.859812E+20
   1.859812E+20
   1.859812E+20
   1.859812E+20
   1.859812E+20
   1.859812E+20
   1.859812E+20
   1.859812E+20
   1.859812E+20
   1.859812E+20
   1.859812E+20
   1.859812E+20
   1.859812E+20
   1.859812E+20
   1.859812E+20
   1.859812E+20
   1.859812E+20
   1.859812E+20
   1.859812E+20
   1.859812E+20
   1.859812E+20
   1.859812E+20
   1.859812E+20
   1.859812E+20
   1.859812E+20
   1.859812E+20
   6.081379E+15
   1.559819E+16
   2.113676E+16
   2.384116E+16
   2.528048E+16
   2.611094E+16
   2.646402E+16
   2.643453E+16
   2.620229E+16
   2.598197E+16
   2.586707E+16
   2.595572E+16
   2.613495E+16
   2.639571E+16
   2.675072E+16
   2.721281E+16
   2.779049E+16
   2.861837E+16
   2.950072E+16
   3.041159E+16
   3.125295E+16
   3.231290E+16
   3.366533E+16
   3.611849E+16
   3.973659E+16
   4.577936E+16
   6.536768E+16
   3.043575E+17
   2.568800E+18
   1.969091E+18
   7.304572E+23
   7.304572E+23
   7.304572E+23
   7.304572E+23
   7.304572E+23
   7.304572E+23
   7.304572E+23
   7.304572E+23
   7.304572E+23
   7.304572E+23
   7.304572E+23
   7.304572E+23
   7.304572E+23
   7.304572E+23
   7.304572E+23
   7.304572E+23
   7.304572E+23
   7.304572E+23
   7.304572E+23
   7.304572E+23
   7.304572E+23
   7.304572E+23
   7.304572E+23
   7.304572E+23
   7.304572E+23
   7.304572E+23
   7.304572E+23
   7.304572E+23
   7.304572E+23
   7.304572E+23
   9.469786E-02
   1.471219E-02
   2.587645E-03
   5.077499E-04
   1.939746E-04
   9.726716E-05
   5.634574E-05
   3.512001E-05
   2.255465E-05
   1.968080E-05
   1.818141E-05
   1.664759E-05
   1.508997E-05
   1.351238E-05
   1.200284E-05
   1.052301E-05
   9.104624E-06
   7.763127E-06
   6.519957E-06
   5.386959E-06
   4.358837E-06
   3.409456E-06
   2.640663E-06
   1.962180E-06
   1.409964E-06
   9.596988E-07
   6.011396E-07
   3.799796E-07
   0.000000
   0.000000
   9.945824E-06
   2.552569E-05
   3.462218E-05
   3.909656E-05
   4.151389E-05
   4.293740E-05
   4.358115E-05
   4.359828E-05
   4.328255E-05
   4.298508E-05
   4.286160E-05
   4.307885E-05
   4.344612E-05
   4.395401E-05
   4.462272E-05
   4.547507E-05
   4.652774E-05
   4.800863E-05
   4.958917E-05
   5.123313E-05
   5.276994E-05
   5.469162E-05
   5.712674E-05
   6.146082E-05
   6.782460E-05
   7.841977E-05
   1.125181E-04
   5.333236E-04
   1.008184E-02
   0.000000
   266.199
   266.199
   266.199
   266.199
   266.199
   266.199
   266.199
   266.199
   266.199
   266.199
   266.199
   266.199
   266.199
   266.199
   266.199
   266.199
   266.199
   266.199
   266.199
   266.199
   266.199
   266.199
   266.199
   266.199
   266.199
   266.199
   266.199
   266.199
   266.199
   266.199
   156.907
   483.439
   826.564
   1176.96
   1538.57
   1917.54
   2316.69
   2737.84
   3182.32
   3651.28
   4145.81
   4667.17
   5216.85
   5796.49
   6407.87
   7052.93
   7733.71
   8452.39
   9211.26
   10012.8
   10859.6
   11755.0
   12702.9
   13708.5
   14779.0
   15924.3
   17158.9
   18504.2
   19992.4
   21674.1
   1000.40
   938.786
   874.789
   809.508
   743.920
   678.880
   615.132
   553.313
   493.958
   437.508
   384.314
   334.643
   288.684
   246.555
   208.307
   173.932
   143.365
   116.496
   93.1687
   73.1919
   56.3428
   42.3732
   31.0156
   21.9887
   15.0037
   9.76960
   5.99940
   3.41581
   1.75709
   0.782895
   0.280117
   969.593
   906.787
   842.149
   776.714
   711.400
   647.006
   584.222
   523.635
   465.733
   410.911
   359.479
   311.663
   267.620
   227.431
   191.120
   158.649
   129.931
   104.832
   83.1803
   64.7673
   49.3580
   36.6944
   26.5021
   18.4962
   12.3866
   7.88450
   4.70760
   2.58645
   1.26999
   0.531506
   269.139
   261.977
   243.966
   228.344
   220.214
   214.910
   211.054
   207.958
   205.245
   202.690
   200.212
   197.776
   195.338
   192.837
   190.205
   187.370
   184.261
   180.799
   176.903
   172.510
   167.576
   162.086
   156.051
   149.508
   142.514
   135.139
   127.462
   119.562
   111.508
   103.366
   300.959
   300.959
   300.959
   300.959
   300.959
   300.959
   300.959
   300.959
   300.959
   300.959
   300.959
   300.959
   300.959
   300.959
   300.959
   300.959
   300.959
   300.959
   300.959
   300.959
   300.959
   300.959
   300.959
   300.959
   300.959
   300.959
   300.959
   300.959
   300.959
   300.959
   0.200000
   0.200000
   0.200000
   0.200000
   0.200000
   0.200000
   0.200000
   0.200000
   0.200000
   0.200000
   0.200000
   0.200000
   0.200000
   0.200000
   0.200000
   0.200000
   0.200000
   0.200000
   0.200000
   0.200000
   0.200000
   0.200000
   0.200000
   0.200000
   0.200000
   0.200000
   0.200000
   0.200000
   0.200000
   0.200000
   0.000000
   0.000000
   0.000000
   0.000000
   0.000000
   0.000000
   0.000000
   0.000000
   0.000000
   0.000000
   0.000000
   0.000000
   0.800000
   0.000000
   0.000000
   0.000000
   0.000000
   0.000000
   0.000000
   0.000000
   0.000000
   0.000000
   0.000000
   0.000000
   0.000000
   0.000000
   0.000000
   0.000000
   0.000000
   0.000000
   0.000000
   0.000000
   0.000000
   0.000000
   0.000000
   0.000000
   0.000000
   0.000000
   0.000000
   0.000000
   0.000000
   0.000000
   0.000000
   0.000000
   0.000000
   0.000000
   0.000000
   0.000000
   0.000000
   0.000000
   0.000000
   0.000000
   0.000000
   0.000000
   0.000000
   0.000000
   0.000000
   0.000000
   0.000000
   0.000000
