   1  30  0.000000  1362.00  0.000000  0.000000  5000.00  4.000000E-04  0.500000  1  3.000000E-06  230.000  4.000000E-11  7.000000E-10  235.000  5.000000E-11  1.500000E-09  0.000000  0.000000  0.000000  5.00000  0.000000  2.000000E+14  0.000000  0.000000  0.000000  0.000000  0.000000  0.000000  30  2.00000  0  0  239.400  0  0.000000  1.00000  0  1  1.00000  1.00000  3.000000E-02  4.00000  4.000000E-04  1.00000  0.000000  1.00000  1  1  2.00000  0.200000  0  0  3
   300.913
   269.341
   254.571
   233.341
   223.340
   217.082
   212.735
   209.371
   206.544
   203.946
   201.437
   198.991
   196.568
   194.117
   191.569
   188.854
   185.902
   182.638
   178.979
   174.849
   170.193
   164.982
   159.214
   152.914
   146.130
   138.926
   131.380
   123.573
   115.581
   107.464
   99.2984
   0.000000
   313.782
   653.006
   999.989
   1353.79
   1723.20
   2111.72
   2521.49
   2954.00
   3410.46
   3891.92
   4399.53
   4934.67
   5498.91
   6093.97
   6721.72
   7384.13
   8083.34
   8821.57
   9601.17
   10424.7
   11295.0
   12215.6
   13190.9
   14227.0
   15332.1
   16517.9
   17801.6
   19208.7
   20778.4
   22572.7
   464.858
   397.477
   374.013
   355.220
   346.550
   341.418
   337.912
   335.298
   333.212
   331.488
   329.947
   328.537
   327.246
   326.055
   324.941
   323.892
   322.894
   321.942
   321.031
   320.166
   319.354
   318.603
   317.926
   317.335
   316.835
   316.429
   316.112
   315.865
   315.518
   314.376
   313.806
   200.597
   133.185
   82.3801
   49.7664
   37.8500
   31.3346
   27.0736
   23.9611
   21.5269
   19.5546
   17.7351
   16.0158
   14.3850
   12.8289
   11.3367
   9.89067
   8.48746
   7.14363
   5.87857
   4.71258
   3.66400
   2.74397
   1.96846
   1.34627
   0.873657
   0.535585
   0.307834
   0.164159
   7.604555E-02
   2.420767E-02
   0.000000
  -8.334712E-03
   3.65079
  -2.08517
  -0.594474
  -0.321835
  -0.171479
  -0.111862
  -7.506569E-02
  -5.002016E-02
  -6.012397E-02
  -6.900253E-02
  -7.806648E-02
  -8.532393E-02
  -8.919156E-02
  -9.473812E-02
  -9.729766E-02
  -9.391993E-02
  -8.379079E-02
  -6.930427E-02
  -5.184928E-02
  -3.356459E-02
  -1.427911E-02
   3.917755E-03
   1.983481E-02
   3.060500E-02
   3.621549E-02
   4.037039E-02
   8.321314E-02
   0.313693
   0.207036
   0.000000
   5.36282
   0.802671
   0.138495
   2.706079E-02
   1.042716E-02
   5.333954E-03
   3.188140E-03
   2.068899E-03
   1.397362E-03
   1.294303E-03
   1.281564E-03
   1.265301E-03
   1.250543E-03
   1.238444E-03
   1.220842E-03
   1.202662E-03
   1.187330E-03
   1.163223E-03
   1.140524E-03
   1.120749E-03
   1.083405E-03
   1.057560E-03
   1.024280E-03
   9.785211E-04
   9.498337E-04
   8.904930E-04
   8.174129E-04
   7.861201E-04
   0.000000
   0.000000
   0.000000
   0.000000
   0.000000
   6.535182E-03
   6.997786E-03
   7.384423E-03
   7.728992E-03
   8.053081E-03
   8.406158E-03
   8.859325E-03
   9.460424E-03
   1.027643E-02
   1.130621E-02
   1.259911E-02
   1.423165E-02
   1.631081E-02
   1.898452E-02
   2.256330E-02
   2.721503E-02
   3.333655E-02
   4.141427E-02
   5.279352E-02
   6.938266E-02
   9.646689E-02
   0.142067
   0.228039
   0.477470
   3.52505
   113.460
   0.000000
   1.696921E+21
   9.703916E+20
   2.035974E+20
   4.178967E+19
   1.649171E+19
   8.585792E+18
   5.204218E+18
   3.422022E+18
   2.338580E+18
   2.191930E+18
   2.191930E+18
   2.191930E+18
   2.191930E+18
   2.191930E+18
   2.191930E+18
   2.191930E+18
   2.191930E+18
   2.191930E+18
   2.191930E+18
   2.191930E+18
   2.191930E+18
   2.191930E+18
   2.191930E+18
   2.191930E+18
   2.191930E+18
   2.191930E+18
   2.191930E+18
   2.191930E+18
   2.191930E+18
   2.191930E+18
   1.859812E+20
   1.859812E+20
   1.859812E+20
   1.859812E+20
   1.859812E+20
   1.859812E+20
   1.859812E+20
   1.859812E+20
   1.859812E+20
   1.859812E+20
   1.859812E+20
   1.859812E+20
   1.859812E+20
   1.859812E+20
   1.859812E+20
   1.859812E+20
   1.859812E+20
   1.859812E+20
   1.859812E+20
   1.859812E+20
   1.859812E+20
   1.859812E+20
   1.859812E+20
   1.859812E+20
   1.859812E+20
   1.859812E+20
   1.859812E+20
   1.859812E+20
   1.859812E+20
   1.859812E+20
   6.081379E+15
   1.559819E+16
   2.113676E+16
   2.384116E+16
   2.528048E+16
   2.611094E+16
   2.646402E+16
   2.643453E+16
   2.620229E+16
   2.598197E+16
   2.586707E+16
   2.595572E+16
   2.613495E+16
   2.639571E+16
   2.675072E+16
   2.721281E+16
   2.779049E+16
   2.861837E+16
   2.950072E+16
   3.041159E+16
   3.125295E+16
   3.231290E+16
   3.366533E+16
   3.611849E+16
   3.973659E+16
   4.577936E+16
   6.536768E+16
   3.043575E+17
   2.568800E+18
   1.969091E+18
   7.304572E+23
   7.304572E+23
   7.304572E+23
   7.304572E+23
   7.304572E+23
   7.304572E+23
   7.304572E+23
   7.304572E+23
   7.304572E+23
   7.304572E+23
   7.304572E+23
   7.304572E+23
   7.304572E+23
   7.304572E+23
   7.304572E+23
   7.304572E+23
   7.304572E+23
   7.304572E+23
   7.304572E+23
   7.304572E+23
   7.304572E+23
   7.304572E+23
   7.304572E+23
   7.304572E+23
   7.304572E+23
   7.304572E+23
   7.304572E+23
   7.304572E+23
   7.304572E+23
   7.304572E+23
   9.463608E-02
   1.471229E-02
   2.589402E-03
   5.083361E-04
   1.942354E-04
   9.738636E-05
   5.644726E-05
   3.517031E-05
   2.259196E-05
   1.971891E-05
   1.823172E-05
   1.665503E-05
   1.508906E-05
   1.356640E-05
   1.201959E-05
   1.052862E-05
   9.137206E-06
   7.771581E-06
   6.525472E-06
   5.408394E-06
   4.334681E-06
   3.440131E-06
   2.648114E-06
   1.957582E-06
   1.423876E-06
   9.615615E-07
   6.048504E-07
   3.734604E-07
   0.000000
   0.000000
   9.945824E-06
   2.552569E-05
   3.462218E-05
   3.909656E-05
   4.151389E-05
   4.293740E-05
   4.358115E-05
   4.359828E-05
   4.328255E-05
   4.298508E-05
   4.286160E-05
   4.307885E-05
   4.344612E-05
   4.395401E-05
   4.462272E-05
   4.547507E-05
   4.652774E-05
   4.800863E-05
   4.958917E-05
   5.123313E-05
   5.276994E-05
   5.469162E-05
   5.712674E-05
   6.146082E-05
   6.782460E-05
   7.841977E-05
   1.125181E-04
   5.333236E-04
   1.008184E-02
   0.000000
   266.219
   266.219
   266.219
   266.219
   266.219
   266.219
   266.219
   266.219
   266.219
   266.219
   266.219
   266.219
   266.219
   266.219
   266.219
   266.219
   266.219
   266.219
   266.219
   266.219
   266.219
   266.219
   266.219
   266.219
   266.219
   266.219
   266.219
   266.219
   266.219
   266.219
   156.891
   483.394
   826.497
   1176.89
   1538.49
   1917.46
   2316.60
   2737.75
   3182.23
   3651.19
   4145.72
   4667.10
   5216.79
   5796.44
   6407.85
   7052.93
   7733.74
   8452.46
   9211.37
   10012.9
   10859.8
   11755.3
   12703.3
   13709.0
   14779.6
   15925.0
   17159.8
   18505.1
   19993.5
   21675.5
   1000.40
   938.786
   874.789
   809.508
   743.920
   678.880
   615.132
   553.313
   493.958
   437.508
   384.314
   334.643
   288.684
   246.555
   208.307
   173.932
   143.365
   116.496
   93.1687
   73.1919
   56.3428
   42.3732
   31.0156
   21.9887
   15.0037
   9.76960
   5.99940
   3.41581
   1.75709
   0.782895
   0.280117
   969.593
   906.787
   842.149
   776.714
   711.400
   647.006
   584.222
   523.635
   465.733
   410.911
   359.479
   311.663
   267.620
   227.431
   191.120
   158.649
   129.931
   104.832
   83.1803
   64.7673
   49.3580
   36.6944
   26.5021
   18.4962
   12.3866
   7.88450
   4.70760
   2.58645
   1.26999
   0.531506
   269.112
   261.956
   243.956
   228.340
   220.211
   214.909
   211.053
   207.958
   205.245
   202.692
   200.214
   197.780
   195.342
   192.843
   190.212
   187.378
   184.270
   180.808
   176.914
   172.521
   167.588
   162.098
   156.064
   149.522
   142.528
   135.153
   127.477
   119.577
   111.522
   103.381
   300.913
   300.913
   300.913
   300.913
   300.913
   300.913
   300.913
   300.913
   300.913
   300.913
   300.913
   300.913
   300.913
   300.913
   300.913
   300.913
   300.913
   300.913
   300.913
   300.913
   300.913
   300.913
   300.913
   300.913
   300.913
   300.913
   300.913
   300.913
   300.913
   300.913
   0.200000
   0.200000
   0.200000
   0.200000
   0.200000
   0.200000
   0.200000
   0.200000
   0.200000
   0.200000
   0.200000
   0.200000
   0.200000
   0.200000
   0.200000
   0.200000
   0.200000
   0.200000
   0.200000
   0.200000
   0.200000
   0.200000
   0.200000
   0.200000
   0.200000
   0.200000
   0.200000
   0.200000
   0.200000
   0.200000
   0.000000
   0.000000
   0.000000
   0.000000
   0.000000
   0.000000
   0.000000
   0.000000
   0.000000
   0.000000
   0.000000
   0.000000
   0.800000
   0.000000
   0.000000
   0.000000
   0.000000
   0.000000
   0.000000
   0.000000
   0.000000
   0.000000
   0.000000
   0.000000
   0.000000
   0.000000
   0.000000
   0.000000
   0.000000
   0.000000
   0.000000
   0.000000
   0.000000
   0.000000
   0.000000
   0.000000
   0.000000
   0.000000
   0.000000
   0.000000
   0.000000
   0.000000
   0.000000
   0.000000
   0.000000
   0.000000
   0.000000
   0.000000
   0.000000
   0.000000
   0.000000
   0.000000
   0.000000
   0.000000
   0.000000
   0.000000
   0.000000
   0.000000
   0.000000
   0.000000
