   1  30  0.000000  1362.00  0.000000  0.000000  5000.00  4.000000E-04  0.500000  1  3.000000E-06  230.000  4.000000E-11  7.000000E-10  235.000  5.000000E-11  1.500000E-09  0.000000  0.000000  0.000000  5.00000  0.000000  2.000000E+14  0.000000  0.000000  0.000000  0.000000  0.000000  0.000000  30  2.00000  0  0  239.400  0  0.000000  1.00000  0  1  1.00000  1.00000  3.000000E-02  4.00000  4.000000E-04  1.00000  0.000000  1.00000  1  1  2.00000  0.200000  0  0  3
   300.867
   269.313
   254.554
   233.337
   223.337
   217.080
   212.734
   209.371
   206.544
   203.947
   201.439
   198.995
   196.572
   194.122
   191.576
   188.861
   185.911
   182.648
   178.989
   174.860
   170.206
   164.995
   159.228
   152.928
   146.144
   138.941
   131.395
   123.588
   115.596
   107.479
   99.3139
   0.000000
   313.749
   652.944
   999.912
   1353.70
   1723.11
   2111.63
   2521.40
   2953.91
   3410.37
   3891.83
   4399.45
   4934.60
   5498.85
   6093.94
   6721.70
   7384.15
   8083.39
   8821.66
   9601.31
   10424.9
   11295.2
   12215.9
   13191.4
   14227.5
   15332.7
   16518.7
   17802.5
   19209.8
   20779.7
   22574.3
   464.579
   397.286
   373.850
   355.073
   346.406
   341.276
   337.770
   335.157
   333.072
   331.348
   329.808
   328.399
   327.108
   325.918
   324.804
   323.755
   322.758
   321.806
   320.895
   320.030
   319.219
   318.468
   317.791
   317.200
   316.700
   316.293
   315.977
   315.730
   315.383
   314.242
   313.672
   200.439
   133.113
   82.3502
   49.7611
   37.8484
   31.3341
   27.0736
   23.9617
   21.5278
   19.5558
   17.7365
   16.0174
   14.3867
   12.8307
   11.3387
   9.89260
   8.48935
   7.14542
   5.88026
   4.71404
   3.66522
   2.74502
   1.96930
   1.34689
   0.874099
   0.535876
   0.308029
   0.164272
   7.611938E-02
   2.424911E-02
   0.000000
  -9.312807E-03
   3.64808
  -2.08305
  -0.594156
  -0.321844
  -0.171603
  -0.111922
  -7.511661E-02
  -5.014738E-02
  -6.020321E-02
  -6.911641E-02
  -7.813240E-02
  -8.542728E-02
  -8.927133E-02
  -9.487302E-02
  -9.740391E-02
  -9.400140E-02
  -8.388209E-02
  -6.941125E-02
  -5.197289E-02
  -3.362477E-02
  -1.437677E-02
   3.892596E-03
   1.976866E-02
   3.059696E-02
   3.616420E-02
   4.035489E-02
   8.318010E-02
   0.313510
   0.206944
   0.000000
   5.35951
   0.802557
   0.138582
   2.709242E-02
   1.043996E-02
   5.341401E-03
   3.192088E-03
   2.072460E-03
   1.399893E-03
   1.296259E-03
   1.282218E-03
   1.269192E-03
   1.253630E-03
   1.237429E-03
   1.223295E-03
   1.205109E-03
   1.188185E-03
   1.165863E-03
   1.143779E-03
   1.117079E-03
   1.090625E-03
   1.057287E-03
   1.027505E-03
   9.803834E-04
   9.405536E-04
   9.050879E-04
   8.249843E-04
   7.861201E-04
   0.000000
   0.000000
   0.000000
   0.000000
   0.000000
   6.535182E-03
   6.997786E-03
   7.384423E-03
   7.728992E-03
   8.053081E-03
   8.406158E-03
   8.859325E-03
   9.460424E-03
   1.027643E-02
   1.130621E-02
   1.259911E-02
   1.423165E-02
   1.631081E-02
   1.898452E-02
   2.256330E-02
   2.721503E-02
   3.333655E-02
   4.141427E-02
   5.279352E-02
   6.938266E-02
   9.646689E-02
   0.142067
   0.228039
   0.477470
   3.52505
   113.460
   0.000000
   1.693533E+21
   9.687260E+20
   2.034037E+20
   4.177397E+19
   1.648717E+19
   8.584101E+18
   5.203605E+18
   3.421959E+18
   2.338819E+18
   2.191930E+18
   2.191930E+18
   2.191930E+18
   2.191930E+18
   2.191930E+18
   2.191930E+18
   2.191930E+18
   2.191930E+18
   2.191930E+18
   2.191930E+18
   2.191930E+18
   2.191930E+18
   2.191930E+18
   2.191930E+18
   2.191930E+18
   2.191930E+18
   2.191930E+18
   2.191930E+18
   2.191930E+18
   2.191930E+18
   2.191930E+18
   1.859812E+20
   1.859812E+20
   1.859812E+20
   1.859812E+20
   1.859812E+20
   1.859812E+20
   1.859812E+20
   1.859812E+20
   1.859812E+20
   1.859812E+20
   1.859812E+20
   1.859812E+20
   1.859812E+20
   1.859812E+20
   1.859812E+20
   1.859812E+20
   1.859812E+20
   1.859812E+20
   1.859812E+20
   1.859812E+20
   1.859812E+20
   1.859812E+20
   1.859812E+20
   1.859812E+20
   1.859812E+20
   1.859812E+20
   1.859812E+20
   1.859812E+20
   1.859812E+20
   1.859812E+20
   6.081379E+15
   1.559819E+16
   2.113676E+16
   2.384116E+16
   2.528048E+16
   2.611094E+16
   2.646402E+16
   2.643453E+16
   2.620229E+16
   2.598197E+16
   2.586707E+16
   2.595572E+16
   2.613495E+16
   2.639571E+16
   2.675072E+16
   2.721281E+16
   2.779049E+16
   2.861837E+16
   2.950072E+16
   3.041159E+16
   3.125295E+16
   3.231290E+16
   3.366533E+16
   3.611849E+16
   3.973659E+16
   4.577936E+16
   6.536768E+16
   3.043575E+17
   2.568800E+18
   1.969091E+18
   7.304572E+23
   7.304572E+23
   7.304572E+23
   7.304572E+23
   7.304572E+23
   7.304572E+23
   7.304572E+23
   7.304572E+23
   7.304572E+23
   7.304572E+23
   7.304572E+23
   7.304572E+23
   7.304572E+23
   7.304572E+23
   7.304572E+23
   7.304572E+23
   7.304572E+23
   7.304572E+23
   7.304572E+23
   7.304572E+23
   7.304572E+23
   7.304572E+23
   7.304572E+23
   7.304572E+23
   7.304572E+23
   7.304572E+23
   7.304572E+23
   7.304572E+23
   7.304572E+23
   7.304572E+23
   9.457768E-02
   1.471019E-02
   2.591017E-03
   5.089303E-04
   1.944738E-04
   9.752234E-05
   5.651716E-05
   3.523084E-05
   2.263288E-05
   1.974871E-05
   1.824103E-05
   1.670625E-05
   1.512631E-05
   1.355528E-05
   1.204375E-05
   1.055004E-05
   9.143783E-06
   7.789218E-06
   6.544098E-06
   5.390684E-06
   4.363566E-06
   3.439243E-06
   2.656452E-06
   1.961307E-06
   1.409964E-06
   9.773212E-07
   6.104528E-07
   3.734604E-07
   0.000000
   0.000000
   9.945824E-06
   2.552569E-05
   3.462218E-05
   3.909656E-05
   4.151389E-05
   4.293740E-05
   4.358115E-05
   4.359828E-05
   4.328255E-05
   4.298508E-05
   4.286160E-05
   4.307885E-05
   4.344612E-05
   4.395401E-05
   4.462272E-05
   4.547507E-05
   4.652774E-05
   4.800863E-05
   4.958917E-05
   5.123313E-05
   5.276994E-05
   5.469162E-05
   5.712674E-05
   6.146082E-05
   6.782460E-05
   7.841977E-05
   1.125181E-04
   5.333236E-04
   1.008184E-02
   0.000000
   266.239
   266.239
   266.239
   266.239
   266.239
   266.239
   266.239
   266.239
   266.239
   266.239
   266.239
   266.239
   266.239
   266.239
   266.239
   266.239
   266.239
   266.239
   266.239
   266.239
   266.239
   266.239
   266.239
   266.239
   266.239
   266.239
   266.239
   266.239
   266.239
   266.239
   156.874
   483.346
   826.428
   1176.81
   1538.41
   1917.37
   2316.51
   2737.66
   3182.14
   3651.10
   4145.64
   4667.03
   5216.73
   5796.40
   6407.82
   7052.93
   7733.77
   8452.53
   9211.48
   10013.1
   10860.1
   11755.6
   12703.6
   13709.4
   14780.1
   15925.7
   17160.6
   18506.1
   19994.7
   21677.0
   1000.40
   938.786
   874.789
   809.508
   743.920
   678.880
   615.132
   553.313
   493.958
   437.508
   384.314
   334.643
   288.684
   246.555
   208.307
   173.932
   143.365
   116.496
   93.1687
   73.1919
   56.3428
   42.3732
   31.0156
   21.9887
   15.0037
   9.76960
   5.99940
   3.41581
   1.75709
   0.782895
   0.280117
   969.593
   906.787
   842.149
   776.714
   711.400
   647.006
   584.222
   523.635
   465.733
   410.911
   359.479
   311.663
   267.620
   227.431
   191.120
   158.649
   129.931
   104.832
   83.1803
   64.7673
   49.3580
   36.6944
   26.5021
   18.4962
   12.3866
   7.88450
   4.70760
   2.58645
   1.26999
   0.531506
   269.084
   261.934
   243.946
   228.337
   220.209
   214.907
   211.052
   207.957
   205.246
   202.693
   200.217
   197.783
   195.347
   192.849
   190.219
   187.386
   184.279
   180.818
   176.925
   172.533
   167.600
   162.112
   156.078
   149.536
   142.543
   135.168
   127.492
   119.592
   111.538
   103.397
   300.867
   300.867
   300.867
   300.867
   300.867
   300.867
   300.867
   300.867
   300.867
   300.867
   300.867
   300.867
   300.867
   300.867
   300.867
   300.867
   300.867
   300.867
   300.867
   300.867
   300.867
   300.867
   300.867
   300.867
   300.867
   300.867
   300.867
   300.867
   300.867
   300.867
   0.200000
   0.200000
   0.200000
   0.200000
   0.200000
   0.200000
   0.200000
   0.200000
   0.200000
   0.200000
   0.200000
   0.200000
   0.200000
   0.200000
   0.200000
   0.200000
   0.200000
   0.200000
   0.200000
   0.200000
   0.200000
   0.200000
   0.200000
   0.200000
   0.200000
   0.200000
   0.200000
   0.200000
   0.200000
   0.200000
   0.000000
   0.000000
   0.000000
   0.000000
   0.000000
   0.000000
   0.000000
   0.000000
   0.000000
   0.000000
   0.000000
   0.000000
   0.800000
   0.000000
   0.000000
   0.000000
   0.000000
   0.000000
   0.000000
   0.000000
   0.000000
   0.000000
   0.000000
   0.000000
   0.000000
   0.000000
   0.000000
   0.000000
   0.000000
   0.000000
   0.000000
   0.000000
   0.000000
   0.000000
   0.000000
   0.000000
   0.000000
   0.000000
   0.000000
   0.000000
   0.000000
   0.000000
   0.000000
   0.000000
   0.000000
   0.000000
   0.000000
   0.000000
   0.000000
   0.000000
   0.000000
   0.000000
   0.000000
   0.000000
   0.000000
   0.000000
   0.000000
   0.000000
   0.000000
   0.000000
