   1  30  0.000000  1362.00  0.000000  0.000000  5000.00  4.000000E-04  0.500000  1  3.000000E-06  230.000  4.000000E-11  7.000000E-10  235.000  5.000000E-11  1.500000E-09  0.000000  0.000000  0.000000  5.00000  0.000000  2.000000E+14  0.000000  0.000000  0.000000  0.000000  0.000000  0.000000  30  2.00000  0  0  239.400  0  0.000000  1.00000  0  1  1.00000  1.00000  3.000000E-02  4.00000  4.000000E-04  1.00000  0.000000  1.00000  1  1  2.00000  0.200000  0  0  3
   300.776
   269.261
   254.522
   233.326
   223.332
   217.077
   212.731
   209.369
   206.544
   203.949
   201.443
   199.001
   196.581
   194.133
   191.589
   188.877
   185.929
   182.667
   179.011
   174.884
   170.230
   165.021
   159.255
   152.957
   146.173
   138.971
   131.425
   123.619
   115.627
   107.510
   99.3451
   0.000000
   313.686
   652.827
   999.765
   1353.54
   1722.94
   2111.46
   2521.22
   2953.74
   3410.20
   3891.66
   4399.29
   4934.47
   5498.75
   6093.86
   6721.68
   7384.18
   8083.50
   8821.85
   9601.59
   10425.3
   11295.8
   12216.6
   13192.2
   14228.6
   15334.0
   16520.2
   17804.4
   19212.0
   20782.3
   22577.5
   464.025
   396.915
   373.536
   354.785
   346.125
   340.998
   337.495
   334.883
   332.799
   331.076
   329.538
   328.129
   326.840
   325.650
   324.537
   323.489
   322.492
   321.541
   320.631
   319.766
   318.955
   318.204
   317.528
   316.936
   316.436
   316.030
   315.713
   315.466
   315.119
   313.979
   313.410
   200.112
   132.970
   82.2995
   49.7481
   37.8436
   31.3325
   27.0742
   23.9631
   21.5299
   19.5581
   17.7393
   16.0207
   14.3903
   12.8346
   11.3428
   9.89673
   8.49323
   7.14909
   5.88363
   4.71707
   3.66773
   2.74711
   1.97104
   1.34818
   0.875030
   0.536500
   0.308408
   0.164507
   7.627706E-02
   2.434178E-02
   0.000000
  -8.719262E-03
   3.64339
  -2.07990
  -0.593590
  -0.321817
  -0.171480
  -0.112007
  -7.528340E-02
  -5.033688E-02
  -6.037100E-02
  -6.926657E-02
  -7.834427E-02
  -8.558206E-02
  -8.945834E-02
  -9.504137E-02
  -9.761149E-02
  -9.423092E-02
  -8.409008E-02
  -6.961789E-02
  -5.214621E-02
  -3.378908E-02
  -1.450907E-02
   3.760181E-03
   1.970852E-02
   3.048860E-02
   3.613243E-02
   4.031180E-02
   8.307231E-02
   0.313166
   0.206777
   0.000000
   5.35270
   0.802464
   0.138749
   2.715281E-02
   1.046706E-02
   5.357622E-03
   3.200974E-03
   2.078541E-03
   1.404387E-03
   1.301643E-03
   1.285883E-03
   1.272165E-03
   1.257875E-03
   1.243885E-03
   1.224720E-03
   1.210314E-03
   1.189518E-03
   1.169487E-03
   1.147859E-03
   1.123448E-03
   1.094564E-03
   1.061873E-03
   1.020323E-03
   9.822380E-04
   9.541825E-04
   8.896306E-04
   8.413462E-04
   7.763181E-04
   0.000000
   0.000000
   0.000000
   0.000000
   0.000000
   6.535182E-03
   6.997786E-03
   7.384423E-03
   7.728992E-03
   8.053081E-03
   8.406158E-03
   8.859325E-03
   9.460424E-03
   1.027643E-02
   1.130621E-02
   1.259911E-02
   1.423165E-02
   1.631081E-02
   1.898452E-02
   2.256330E-02
   2.721503E-02
   3.333655E-02
   4.141427E-02
   5.279352E-02
   6.938266E-02
   9.646689E-02
   0.142067
   0.228039
   0.477470
   3.52505
   113.460
   0.000000
   1.686578E+21
   9.655248E+20
   2.030074E+20
   4.173826E+19
   1.647882E+19
   8.581044E+18
   5.202422E+18
   3.421776E+18
   2.339196E+18
   2.191930E+18
   2.191930E+18
   2.191930E+18
   2.191930E+18
   2.191930E+18
   2.191930E+18
   2.191930E+18
   2.191930E+18
   2.191930E+18
   2.191930E+18
   2.191930E+18
   2.191930E+18
   2.191930E+18
   2.191930E+18
   2.191930E+18
   2.191930E+18
   2.191930E+18
   2.191930E+18
   2.191930E+18
   2.191930E+18
   2.191930E+18
   1.859812E+20
   1.859812E+20
   1.859812E+20
   1.859812E+20
   1.859812E+20
   1.859812E+20
   1.859812E+20
   1.859812E+20
   1.859812E+20
   1.859812E+20
   1.859812E+20
   1.859812E+20
   1.859812E+20
   1.859812E+20
   1.859812E+20
   1.859812E+20
   1.859812E+20
   1.859812E+20
   1.859812E+20
   1.859812E+20
   1.859812E+20
   1.859812E+20
   1.859812E+20
   1.859812E+20
   1.859812E+20
   1.859812E+20
   1.859812E+20
   1.859812E+20
   1.859812E+20
   1.859812E+20
   6.081379E+15
   1.559819E+16
   2.113676E+16
   2.384116E+16
   2.528048E+16
   2.611094E+16
   2.646402E+16
   2.643453E+16
   2.620229E+16
   2.598197E+16
   2.586707E+16
   2.595572E+16
   2.613495E+16
   2.639571E+16
   2.675072E+16
   2.721281E+16
   2.779049E+16
   2.861837E+16
   2.950072E+16
   3.041159E+16
   3.125295E+16
   3.231290E+16
   3.366533E+16
   3.611849E+16
   3.973659E+16
   4.577936E+16
   6.536768E+16
   3.043575E+17
   2.568800E+18
   1.969091E+18
   7.304572E+23
   7.304572E+23
   7.304572E+23
   7.304572E+23
   7.304572E+23
   7.304572E+23
   7.304572E+23
   7.304572E+23
   7.304572E+23
   7.304572E+23
   7.304572E+23
   7.304572E+23
   7.304572E+23
   7.304572E+23
   7.304572E+23
   7.304572E+23
   7.304572E+23
   7.304572E+23
   7.304572E+23
   7.304572E+23
   7.304572E+23
   7.304572E+23
   7.304572E+23
   7.304572E+23
   7.304572E+23
   7.304572E+23
   7.304572E+23
   7.304572E+23
   7.304572E+23
   7.304572E+23
   9.445751E-02
   1.470849E-02
   2.594154E-03
   5.100648E-04
   1.949786E-04
   9.781848E-05
   5.667450E-05
   3.533422E-05
   2.270554E-05
   1.983072E-05
   1.829317E-05
   1.674538E-05
   1.517753E-05
   1.362601E-05
   1.205778E-05
   1.059560E-05
   9.154042E-06
   7.813433E-06
   6.567439E-06
   5.421418E-06
   4.379326E-06
   3.454159E-06
   2.637884E-06
   1.965018E-06
   1.430395E-06
   9.606301E-07
   6.225600E-07
   3.688037E-07
   0.000000
   0.000000
   9.945824E-06
   2.552569E-05
   3.462218E-05
   3.909656E-05
   4.151389E-05
   4.293740E-05
   4.358115E-05
   4.359828E-05
   4.328255E-05
   4.298508E-05
   4.286160E-05
   4.307885E-05
   4.344612E-05
   4.395401E-05
   4.462272E-05
   4.547507E-05
   4.652774E-05
   4.800863E-05
   4.958917E-05
   5.123313E-05
   5.276994E-05
   5.469162E-05
   5.712674E-05
   6.146082E-05
   6.782460E-05
   7.841977E-05
   1.125181E-04
   5.333236E-04
   1.008184E-02
   0.000000
   266.278
   266.278
   266.278
   266.278
   266.278
   266.278
   266.278
   266.278
   266.278
   266.278
   266.278
   266.278
   266.278
   266.278
   266.278
   266.278
   266.278
   266.278
   266.278
   266.278
   266.278
   266.278
   266.278
   266.278
   266.278
   266.278
   266.278
   266.278
   266.278
   266.278
   156.843
   483.257
   826.296
   1176.65
   1538.24
   1917.20
   2316.34
   2737.48
   3181.97
   3650.93
   4145.48
   4666.88
   5216.61
   5796.31
   6407.77
   7052.93
   7733.84
   8452.67
   9211.72
   10013.4
   10860.5
   11756.2
   12704.4
   13710.4
   14781.3
   15927.1
   17162.3
   18508.2
   19997.2
   21679.9
   1000.40
   938.786
   874.789
   809.508
   743.920
   678.880
   615.132
   553.313
   493.958
   437.508
   384.314
   334.643
   288.684
   246.555
   208.307
   173.932
   143.365
   116.496
   93.1687
   73.1919
   56.3428
   42.3732
   31.0156
   21.9887
   15.0037
   9.76960
   5.99940
   3.41581
   1.75709
   0.782895
   0.280117
   969.593
   906.787
   842.149
   776.714
   711.400
   647.006
   584.222
   523.635
   465.733
   410.911
   359.479
   311.663
   267.620
   227.431
   191.120
   158.649
   129.931
   104.832
   83.1803
   64.7673
   49.3580
   36.6944
   26.5021
   18.4962
   12.3866
   7.88450
   4.70760
   2.58645
   1.26999
   0.531506
   269.030
   261.891
   243.924
   228.329
   220.204
   214.904
   211.050
   207.957
   205.246
   202.696
   200.222
   197.791
   195.357
   192.861
   190.233
   187.403
   184.298
   180.839
   176.947
   172.557
   167.626
   162.138
   156.106
   149.565
   142.572
   135.198
   127.522
   119.623
   111.569
   103.428
   300.776
   300.776
   300.776
   300.776
   300.776
   300.776
   300.776
   300.776
   300.776
   300.776
   300.776
   300.776
   300.776
   300.776
   300.776
   300.776
   300.776
   300.776
   300.776
   300.776
   300.776
   300.776
   300.776
   300.776
   300.776
   300.776
   300.776
   300.776
   300.776
   300.776
   0.200000
   0.200000
   0.200000
   0.200000
   0.200000
   0.200000
   0.200000
   0.200000
   0.200000
   0.200000
   0.200000
   0.200000
   0.200000
   0.200000
   0.200000
   0.200000
   0.200000
   0.200000
   0.200000
   0.200000
   0.200000
   0.200000
   0.200000
   0.200000
   0.200000
   0.200000
   0.200000
   0.200000
   0.200000
   0.200000
   0.000000
   0.000000
   0.000000
   0.000000
   0.000000
   0.000000
   0.000000
   0.000000
   0.000000
   0.000000
   0.000000
   0.000000
   0.800000
   0.000000
   0.000000
   0.000000
   0.000000
   0.000000
   0.000000
   0.000000
   0.000000
   0.000000
   0.000000
   0.000000
   0.000000
   0.000000
   0.000000
   0.000000
   0.000000
   0.000000
   0.000000
   0.000000
   0.000000
   0.000000
   0.000000
   0.000000
   0.000000
   0.000000
   0.000000
   0.000000
   0.000000
   0.000000
   0.000000
   0.000000
   0.000000
   0.000000
   0.000000
   0.000000
   0.000000
   0.000000
   0.000000
   0.000000
   0.000000
   0.000000
   0.000000
   0.000000
   0.000000
   0.000000
   0.000000
   0.000000
