    2    3    1
   13 3.333E-01 5.932E-03 1.000E+00 4.882E+01 0.000E+00
   14 1.000E+00 1.586E-02 1.000E+00 4.868E+01 0.000E+00
   15 1.000E+00 6.566E-02 1.000E+00 4.854E+01 0.000E+00
   16 1.000E+00 1.458E-01 1.000E+00 4.828E+01 0.000E+00
   17 1.000E+00 2.109E-01 1.000E+00 4.801E+01 0.000E+00
   18 1.000E+00 3.204E-01 1.000E+00 4.774E+01 0.000E+00
   19 1.000E+00 3.752E-01 1.000E+00 4.741E+01 0.000E+00
   20 1.000E+00 4.304E-01 1.000E+00 4.716E+01 0.000E+00
   21 1.000E+00 4.587E-01 1.000E+00 4.689E+01 0.000E+00
   22 1.000E+00 5.242E-01 1.000E+00 4.653E+01 0.000E+00
   23 1.000E+00 5.036E-01 1.000E+00 4.617E+01 0.000E+00
   24 1.000E+00 4.510E-01 1.000E+00 4.590E+01 0.000E+00
   25 1.000E+00 4.452E-01 1.000E+00 4.572E+01 0.000E+00
   26 1.000E+00 4.738E-01 1.000E+00 4.548E+01 0.000E+00
   27 1.000E+00 4.848E-01 1.000E+00 4.517E+01 0.000E+00
   28 1.000E+00 4.765E-01 1.000E+00 4.497E+01 0.000E+00
   29 1.000E+00 4.565E-01 1.000E+00 4.481E+01 0.000E+00
   30 1.000E+00 4.259E-01 1.000E+00 4.454E+01 0.000E+00
   31 1.000E+00 3.739E-01 1.000E+00 4.418E+01 0.000E+00
   32 1.000E+00 3.697E-01 1.000E+00 4.386E+01 0.000E+00
   33 1.000E+00 3.871E-01 1.000E+00 4.356E+01 0.000E+00
   34 1.000E+00 3.892E-01 1.000E+00 4.333E+01 0.000E+00
   35 1.000E+00 3.640E-01 1.000E+00 4.306E+01 0.000E+00
   36 1.000E+00 3.079E-01 1.000E+00 4.273E+01 0.000E+00
   37 1.000E+00 2.573E-01 1.000E+00 4.240E+01 0.000E+00
   38 1.000E+00 1.911E-01 1.000E+00 4.217E+01 0.000E+00
   39 1.000E+00 1.293E-01 1.000E+00 4.198E+01 0.000E+00
   40 1.000E+00 8.672E-02 1.000E+00 4.168E+01 0.000E+00
   41 1.000E+00 6.265E-02 1.000E+00 4.134E+01 0.000E+00
   42 1.000E+00 5.481E-02 1.000E+00 4.115E+01 0.000E+00
   43 1.000E+00 5.052E-02 1.000E+00 4.086E+01 0.000E+00
   44 1.000E+00 4.797E-02 1.000E+00 4.059E+01 0.000E+00
   45 1.000E+00 4.191E-02 1.000E+00 4.016E+01 0.000E+00
   46 1.000E+00 3.916E-02 1.000E+00 3.974E+01 0.000E+00
   47 1.000E+00 3.884E-02 1.000E+00 3.951E+01 0.000E+00
   48 1.000E+00 3.441E-02 1.000E+00 3.920E+01 0.000E+00
   49 1.000E+00 2.669E-02 1.000E+00 3.880E+01 0.000E+00
   50 1.000E+00 1.927E-02 1.000E+00 3.845E+01 0.000E+00
   51 1.000E+00 1.517E-02 1.000E+00 3.812E+01 0.000E+00
   52 1.000E+00 9.921E-03 1.000E+00 3.783E+01 0.000E+00
   53 1.000E+00 4.501E-03 1.000E+00 3.756E+01 0.000E+00
   54 7.000E-01 1.178E-03 1.000E+00 3.718E+01 0.000E+00
%
