    2    3    1
   16 6.667E-01 1.356E-02 1.000E+00 4.537E+01 0.000E+00
   17 1.000E+00 5.412E-02 1.000E+00 4.521E+01 0.000E+00
   18 1.000E+00 1.049E-01 1.000E+00 4.501E+01 0.000E+00
   19 1.000E+00 1.415E-01 1.000E+00 4.484E+01 0.000E+00
   20 1.000E+00 1.170E-01 1.000E+00 4.464E+01 0.000E+00
   21 1.000E+00 8.767E-02 1.000E+00 4.429E+01 0.000E+00
   22 1.000E+00 8.367E-02 1.000E+00 4.398E+01 0.000E+00
   23 1.000E+00 8.056E-02 1.000E+00 4.369E+01 0.000E+00
   24 1.000E+00 6.100E-02 1.000E+00 4.344E+01 0.000E+00
   25 1.000E+00 6.721E-02 1.000E+00 4.309E+01 0.000E+00
   26 1.000E+00 8.072E-02 1.000E+00 4.267E+01 0.000E+00
   27 1.000E+00 9.743E-02 1.000E+00 4.242E+01 0.000E+00
   28 1.000E+00 9.393E-02 1.000E+00 4.217E+01 0.000E+00
   29 1.000E+00 7.792E-02 1.000E+00 4.185E+01 0.000E+00
   30 1.000E+00 6.136E-02 1.000E+00 4.153E+01 0.000E+00
   31 1.000E+00 4.339E-02 1.000E+00 4.118E+01 0.000E+00
   32 1.000E+00 3.843E-02 1.000E+00 4.092E+01 0.000E+00
   33 1.000E+00 3.106E-02 1.000E+00 4.065E+01 0.000E+00
   34 1.000E+00 2.085E-02 1.000E+00 4.026E+01 0.000E+00
   35 1.000E+00 1.267E-02 1.000E+00 3.994E+01 0.000E+00
   36 1.000E+00 8.311E-03 1.000E+00 3.964E+01 0.000E+00
   37 1.000E+00 6.727E-03 1.000E+00 3.937E+01 0.000E+00
   38 1.000E+00 4.812E-03 1.000E+00 3.895E+01 0.000E+00
   39 1.000E+00 3.846E-03 1.000E+00 3.862E+01 0.000E+00
   40 1.000E+00 4.585E-03 1.000E+00 3.841E+01 0.000E+00
   41 1.000E+00 6.301E-03 1.000E+00 3.807E+01 0.000E+00
   42 1.000E+00 7.799E-03 1.000E+00 3.778E+01 0.000E+00
   43 1.000E+00 1.138E-02 1.000E+00 3.742E+01 0.000E+00
   44 1.000E+00 9.713E-03 1.000E+00 3.703E+01 0.000E+00
   45 1.000E+00 6.513E-03 1.000E+00 3.674E+01 0.000E+00
   46 1.000E+00 4.305E-03 1.000E+00 3.642E+01 0.000E+00
   47 1.000E+00 3.375E-03 1.000E+00 3.607E+01 0.000E+00
   48 1.000E+00 2.455E-03 1.000E+00 3.570E+01 0.000E+00
   49 1.000E+00 2.153E-03 1.000E+00 3.539E+01 0.000E+00
   50 4.167E-01 2.254E-03 1.000E+00 3.506E+01 0.000E+00
   51 1.167E-01 2.390E-03 1.000E+00 3.487E+01 0.000E+00
%
