NUMANGS:  3
NSTR:  0
  LAY  BAND  WVN1    WVN2     ABS OD    SUM(ABS OD)  
                                         BY BLOCK    
    4    1    10.0   350.0  0.60241E+00  0.60241E+00
    4    2   350.0   500.0  0.60241E+00  0.60241E+00
    4    3   500.0   630.0  0.60241E+00  0.60241E+00
    4    4   630.0   700.0  0.60241E+00  0.60241E+00
    4    5   700.0   820.0  0.60241E+00  0.60241E+00
    4    6   820.0   980.0  0.60241E+00  0.60241E+00
    4    7   980.0  1080.0  0.60241E+00  0.60241E+00
    4    8  1080.0  1180.0  0.60241E+00  0.60241E+00
    4    9  1180.0  1390.0  0.60241E+00  0.60241E+00
    4   10  1390.0  1480.0  0.60241E+00  0.60241E+00
    4   11  1480.0  1800.0  0.60241E+00  0.60241E+00
    4   12  1800.0  2080.0  0.60241E+00  0.60241E+00
    4   13  2080.0  2250.0  0.60241E+00  0.60241E+00
    4   14  2250.0  2380.0  0.60241E+00  0.60241E+00
    4   15  2380.0  2600.0  0.60241E+00  0.60241E+00
    4   16  2600.0  3250.0  0.60241E+00  0.60241E+00
