NUMANGS:  1
NSTR:  8
  LAY  BAND  WVN1    WVN2     ICE OD        LIQ OD     TOT EXT OD   TOT EXT OD   ICE SSA      LIQ  SSA        ICE          LIQ     
                                                                     BY BLOCK                              ASYM  FAC    ASYM  FAC  
   41    1    10.0   350.0  0.20524E+00  0.00000E+00  0.20524E+00  0.20524E+00  0.33304E+00  0.00000E+00  0.59070E+00  0.00000E+00
   41    2   350.0   500.0  0.29416E+00  0.00000E+00  0.29416E+00  0.29416E+00  0.77002E+00  0.00000E+00  0.72519E+00  0.00000E+00
   41    3   500.0   630.0  0.41746E+00  0.00000E+00  0.41746E+00  0.41746E+00  0.60566E+00  0.00000E+00  0.79325E+00  0.00000E+00
   41    4   630.0   700.0  0.45463E+00  0.00000E+00  0.45463E+00  0.45463E+00  0.52681E+00  0.00000E+00  0.84027E+00  0.00000E+00
   41    5   700.0   820.0  0.43841E+00  0.00000E+00  0.43841E+00  0.43841E+00  0.47117E+00  0.00000E+00  0.87017E+00  0.00000E+00
   41    6   820.0   980.0  0.33969E+00  0.00000E+00  0.33969E+00  0.33969E+00  0.42134E+00  0.00000E+00  0.91433E+00  0.00000E+00
   41    7   980.0  1080.0  0.35974E+00  0.00000E+00  0.35974E+00  0.35974E+00  0.62593E+00  0.00000E+00  0.91233E+00  0.00000E+00
   41    8  1080.0  1180.0  0.41402E+00  0.00000E+00  0.41402E+00  0.41402E+00  0.65250E+00  0.00000E+00  0.89656E+00  0.00000E+00
   41    9  1180.0  1390.0  0.44432E+00  0.00000E+00  0.44432E+00  0.44432E+00  0.62253E+00  0.00000E+00  0.89979E+00  0.00000E+00
   41   10  1390.0  1480.0  0.45054E+00  0.00000E+00  0.45054E+00  0.45054E+00  0.58976E+00  0.00000E+00  0.91301E+00  0.00000E+00
   41   11  1480.0  1800.0  0.44997E+00  0.00000E+00  0.44997E+00  0.44997E+00  0.58840E+00  0.00000E+00  0.92061E+00  0.00000E+00
   41   12  1800.0  2080.0  0.46169E+00  0.00000E+00  0.46169E+00  0.46169E+00  0.73131E+00  0.00000E+00  0.87407E+00  0.00000E+00
   41   13  2080.0  2250.0  0.45356E+00  0.00000E+00  0.45356E+00  0.45356E+00  0.65125E+00  0.00000E+00  0.89439E+00  0.00000E+00
   41   14  2250.0  2380.0  0.45031E+00  0.00000E+00  0.45031E+00  0.45031E+00  0.67148E+00  0.00000E+00  0.89020E+00  0.00000E+00
   41   15  2380.0  2600.0  0.44369E+00  0.00000E+00  0.44369E+00  0.44369E+00  0.74672E+00  0.00000E+00  0.86166E+00  0.00000E+00
   41   16  2600.0  3250.0  0.42171E+00  0.00000E+00  0.42171E+00  0.42171E+00  0.63137E+00  0.00000E+00  0.88391E+00  0.00000E+00
   42    1    10.0   350.0  0.20524E+00  0.00000E+00  0.20524E+00  0.41048E+00  0.33304E+00  0.00000E+00  0.59070E+00  0.00000E+00
   42    2   350.0   500.0  0.29416E+00  0.00000E+00  0.29416E+00  0.58832E+00  0.77002E+00  0.00000E+00  0.72519E+00  0.00000E+00
   42    3   500.0   630.0  0.41746E+00  0.00000E+00  0.41746E+00  0.83492E+00  0.60566E+00  0.00000E+00  0.79325E+00  0.00000E+00
   42    4   630.0   700.0  0.45463E+00  0.00000E+00  0.45463E+00  0.90925E+00  0.52681E+00  0.00000E+00  0.84027E+00  0.00000E+00
   42    5   700.0   820.0  0.43841E+00  0.00000E+00  0.43841E+00  0.87682E+00  0.47117E+00  0.00000E+00  0.87017E+00  0.00000E+00
   42    6   820.0   980.0  0.33969E+00  0.00000E+00  0.33969E+00  0.67938E+00  0.42134E+00  0.00000E+00  0.91433E+00  0.00000E+00
   42    7   980.0  1080.0  0.35974E+00  0.00000E+00  0.35974E+00  0.71947E+00  0.62593E+00  0.00000E+00  0.91233E+00  0.00000E+00
   42    8  1080.0  1180.0  0.41402E+00  0.00000E+00  0.41402E+00  0.82804E+00  0.65250E+00  0.00000E+00  0.89656E+00  0.00000E+00
   42    9  1180.0  1390.0  0.44432E+00  0.00000E+00  0.44432E+00  0.88865E+00  0.62253E+00  0.00000E+00  0.89979E+00  0.00000E+00
   42   10  1390.0  1480.0  0.45054E+00  0.00000E+00  0.45054E+00  0.90108E+00  0.58976E+00  0.00000E+00  0.91301E+00  0.00000E+00
   42   11  1480.0  1800.0  0.44997E+00  0.00000E+00  0.44997E+00  0.89993E+00  0.58840E+00  0.00000E+00  0.92061E+00  0.00000E+00
   42   12  1800.0  2080.0  0.46169E+00  0.00000E+00  0.46169E+00  0.92337E+00  0.73131E+00  0.00000E+00  0.87407E+00  0.00000E+00
   42   13  2080.0  2250.0  0.45356E+00  0.00000E+00  0.45356E+00  0.90712E+00  0.65125E+00  0.00000E+00  0.89439E+00  0.00000E+00
   42   14  2250.0  2380.0  0.45031E+00  0.00000E+00  0.45031E+00  0.90062E+00  0.67148E+00  0.00000E+00  0.89020E+00  0.00000E+00
   42   15  2380.0  2600.0  0.44369E+00  0.00000E+00  0.44369E+00  0.88739E+00  0.74672E+00  0.00000E+00  0.86166E+00  0.00000E+00
   42   16  2600.0  3250.0  0.42171E+00  0.00000E+00  0.42171E+00  0.84342E+00  0.63137E+00  0.00000E+00  0.88391E+00  0.00000E+00
   43    1    10.0   350.0  0.20524E+00  0.00000E+00  0.20524E+00  0.61572E+00  0.33304E+00  0.00000E+00  0.59070E+00  0.00000E+00
   43    2   350.0   500.0  0.29416E+00  0.00000E+00  0.29416E+00  0.88247E+00  0.77002E+00  0.00000E+00  0.72519E+00  0.00000E+00
   43    3   500.0   630.0  0.41746E+00  0.00000E+00  0.41746E+00  0.12524E+01  0.60566E+00  0.00000E+00  0.79325E+00  0.00000E+00
   43    4   630.0   700.0  0.45463E+00  0.00000E+00  0.45463E+00  0.13639E+01  0.52681E+00  0.00000E+00  0.84027E+00  0.00000E+00
   43    5   700.0   820.0  0.43841E+00  0.00000E+00  0.43841E+00  0.13152E+01  0.47117E+00  0.00000E+00  0.87017E+00  0.00000E+00
   43    6   820.0   980.0  0.33969E+00  0.00000E+00  0.33969E+00  0.10191E+01  0.42134E+00  0.00000E+00  0.91433E+00  0.00000E+00
   43    7   980.0  1080.0  0.35974E+00  0.00000E+00  0.35974E+00  0.10792E+01  0.62593E+00  0.00000E+00  0.91233E+00  0.00000E+00
   43    8  1080.0  1180.0  0.41402E+00  0.00000E+00  0.41402E+00  0.12421E+01  0.65250E+00  0.00000E+00  0.89656E+00  0.00000E+00
   43    9  1180.0  1390.0  0.44432E+00  0.00000E+00  0.44432E+00  0.13330E+01  0.62253E+00  0.00000E+00  0.89979E+00  0.00000E+00
   43   10  1390.0  1480.0  0.45054E+00  0.00000E+00  0.45054E+00  0.13516E+01  0.58976E+00  0.00000E+00  0.91301E+00  0.00000E+00
   43   11  1480.0  1800.0  0.44997E+00  0.00000E+00  0.44997E+00  0.13499E+01  0.58840E+00  0.00000E+00  0.92061E+00  0.00000E+00
   43   12  1800.0  2080.0  0.46169E+00  0.00000E+00  0.46169E+00  0.13851E+01  0.73131E+00  0.00000E+00  0.87407E+00  0.00000E+00
   43   13  2080.0  2250.0  0.45356E+00  0.00000E+00  0.45356E+00  0.13607E+01  0.65125E+00  0.00000E+00  0.89439E+00  0.00000E+00
   43   14  2250.0  2380.0  0.45031E+00  0.00000E+00  0.45031E+00  0.13509E+01  0.67148E+00  0.00000E+00  0.89020E+00  0.00000E+00
   43   15  2380.0  2600.0  0.44369E+00  0.00000E+00  0.44369E+00  0.13311E+01  0.74672E+00  0.00000E+00  0.86166E+00  0.00000E+00
   43   16  2600.0  3250.0  0.42171E+00  0.00000E+00  0.42171E+00  0.12651E+01  0.63137E+00  0.00000E+00  0.88391E+00  0.00000E+00
   44    1    10.0   350.0  0.20524E+00  0.00000E+00  0.20524E+00  0.82096E+00  0.33304E+00  0.00000E+00  0.59070E+00  0.00000E+00
   44    2   350.0   500.0  0.29416E+00  0.00000E+00  0.29416E+00  0.11766E+01  0.77002E+00  0.00000E+00  0.72519E+00  0.00000E+00
   44    3   500.0   630.0  0.41746E+00  0.00000E+00  0.41746E+00  0.16698E+01  0.60566E+00  0.00000E+00  0.79325E+00  0.00000E+00
   44    4   630.0   700.0  0.45463E+00  0.00000E+00  0.45463E+00  0.18185E+01  0.52681E+00  0.00000E+00  0.84027E+00  0.00000E+00
   44    5   700.0   820.0  0.43841E+00  0.00000E+00  0.43841E+00  0.17536E+01  0.47117E+00  0.00000E+00  0.87017E+00  0.00000E+00
   44    6   820.0   980.0  0.33969E+00  0.00000E+00  0.33969E+00  0.13588E+01  0.42134E+00  0.00000E+00  0.91433E+00  0.00000E+00
   44    7   980.0  1080.0  0.35974E+00  0.00000E+00  0.35974E+00  0.14389E+01  0.62593E+00  0.00000E+00  0.91233E+00  0.00000E+00
   44    8  1080.0  1180.0  0.41402E+00  0.00000E+00  0.41402E+00  0.16561E+01  0.65250E+00  0.00000E+00  0.89656E+00  0.00000E+00
   44    9  1180.0  1390.0  0.44432E+00  0.00000E+00  0.44432E+00  0.17773E+01  0.62253E+00  0.00000E+00  0.89979E+00  0.00000E+00
   44   10  1390.0  1480.0  0.45054E+00  0.00000E+00  0.45054E+00  0.18022E+01  0.58976E+00  0.00000E+00  0.91301E+00  0.00000E+00
   44   11  1480.0  1800.0  0.44997E+00  0.00000E+00  0.44997E+00  0.17999E+01  0.58840E+00  0.00000E+00  0.92061E+00  0.00000E+00
   44   12  1800.0  2080.0  0.46169E+00  0.00000E+00  0.46169E+00  0.18467E+01  0.73131E+00  0.00000E+00  0.87407E+00  0.00000E+00
   44   13  2080.0  2250.0  0.45356E+00  0.00000E+00  0.45356E+00  0.18142E+01  0.65125E+00  0.00000E+00  0.89439E+00  0.00000E+00
   44   14  2250.0  2380.0  0.45031E+00  0.00000E+00  0.45031E+00  0.18012E+01  0.67148E+00  0.00000E+00  0.89020E+00  0.00000E+00
   44   15  2380.0  2600.0  0.44369E+00  0.00000E+00  0.44369E+00  0.17748E+01  0.74672E+00  0.00000E+00  0.86166E+00  0.00000E+00
   44   16  2600.0  3250.0  0.42171E+00  0.00000E+00  0.42171E+00  0.16868E+01  0.63137E+00  0.00000E+00  0.88391E+00  0.00000E+00
   45    1    10.0   350.0  0.20524E+00  0.00000E+00  0.20524E+00  0.10262E+01  0.33304E+00  0.00000E+00  0.59070E+00  0.00000E+00
   45    2   350.0   500.0  0.29416E+00  0.00000E+00  0.29416E+00  0.14708E+01  0.77002E+00  0.00000E+00  0.72519E+00  0.00000E+00
   45    3   500.0   630.0  0.41746E+00  0.00000E+00  0.41746E+00  0.20873E+01  0.60566E+00  0.00000E+00  0.79325E+00  0.00000E+00
   45    4   630.0   700.0  0.45463E+00  0.00000E+00  0.45463E+00  0.22731E+01  0.52681E+00  0.00000E+00  0.84027E+00  0.00000E+00
   45    5   700.0   820.0  0.43841E+00  0.00000E+00  0.43841E+00  0.21920E+01  0.47117E+00  0.00000E+00  0.87017E+00  0.00000E+00
   45    6   820.0   980.0  0.33969E+00  0.00000E+00  0.33969E+00  0.16984E+01  0.42134E+00  0.00000E+00  0.91433E+00  0.00000E+00
   45    7   980.0  1080.0  0.35974E+00  0.00000E+00  0.35974E+00  0.17987E+01  0.62593E+00  0.00000E+00  0.91233E+00  0.00000E+00
   45    8  1080.0  1180.0  0.41402E+00  0.00000E+00  0.41402E+00  0.20701E+01  0.65250E+00  0.00000E+00  0.89656E+00  0.00000E+00
   45    9  1180.0  1390.0  0.44432E+00  0.00000E+00  0.44432E+00  0.22216E+01  0.62253E+00  0.00000E+00  0.89979E+00  0.00000E+00
   45   10  1390.0  1480.0  0.45054E+00  0.00000E+00  0.45054E+00  0.22527E+01  0.58976E+00  0.00000E+00  0.91301E+00  0.00000E+00
   45   11  1480.0  1800.0  0.44997E+00  0.00000E+00  0.44997E+00  0.22498E+01  0.58840E+00  0.00000E+00  0.92061E+00  0.00000E+00
   45   12  1800.0  2080.0  0.46169E+00  0.00000E+00  0.46169E+00  0.23084E+01  0.73131E+00  0.00000E+00  0.87407E+00  0.00000E+00
   45   13  2080.0  2250.0  0.45356E+00  0.00000E+00  0.45356E+00  0.22678E+01  0.65125E+00  0.00000E+00  0.89439E+00  0.00000E+00
   45   14  2250.0  2380.0  0.45031E+00  0.00000E+00  0.45031E+00  0.22515E+01  0.67148E+00  0.00000E+00  0.89020E+00  0.00000E+00
   45   15  2380.0  2600.0  0.44369E+00  0.00000E+00  0.44369E+00  0.22185E+01  0.74672E+00  0.00000E+00  0.86166E+00  0.00000E+00
   45   16  2600.0  3250.0  0.42171E+00  0.00000E+00  0.42171E+00  0.21086E+01  0.63137E+00  0.00000E+00  0.88391E+00  0.00000E+00
   46    1    10.0   350.0  0.20524E+00  0.00000E+00  0.20524E+00  0.12314E+01  0.33304E+00  0.00000E+00  0.59070E+00  0.00000E+00
   46    2   350.0   500.0  0.29416E+00  0.00000E+00  0.29416E+00  0.17649E+01  0.77002E+00  0.00000E+00  0.72519E+00  0.00000E+00
   46    3   500.0   630.0  0.41746E+00  0.00000E+00  0.41746E+00  0.25048E+01  0.60566E+00  0.00000E+00  0.79325E+00  0.00000E+00
   46    4   630.0   700.0  0.45463E+00  0.00000E+00  0.45463E+00  0.27278E+01  0.52681E+00  0.00000E+00  0.84027E+00  0.00000E+00
   46    5   700.0   820.0  0.43841E+00  0.00000E+00  0.43841E+00  0.26305E+01  0.47117E+00  0.00000E+00  0.87017E+00  0.00000E+00
   46    6   820.0   980.0  0.33969E+00  0.00000E+00  0.33969E+00  0.20381E+01  0.42134E+00  0.00000E+00  0.91433E+00  0.00000E+00
   46    7   980.0  1080.0  0.35974E+00  0.00000E+00  0.35974E+00  0.21584E+01  0.62593E+00  0.00000E+00  0.91233E+00  0.00000E+00
   46    8  1080.0  1180.0  0.41402E+00  0.00000E+00  0.41402E+00  0.24841E+01  0.65250E+00  0.00000E+00  0.89656E+00  0.00000E+00
   46    9  1180.0  1390.0  0.44432E+00  0.00000E+00  0.44432E+00  0.26659E+01  0.62253E+00  0.00000E+00  0.89979E+00  0.00000E+00
   46   10  1390.0  1480.0  0.45054E+00  0.00000E+00  0.45054E+00  0.27032E+01  0.58976E+00  0.00000E+00  0.91301E+00  0.00000E+00
   46   11  1480.0  1800.0  0.44997E+00  0.00000E+00  0.44997E+00  0.26998E+01  0.58840E+00  0.00000E+00  0.92061E+00  0.00000E+00
   46   12  1800.0  2080.0  0.46169E+00  0.00000E+00  0.46169E+00  0.27701E+01  0.73131E+00  0.00000E+00  0.87407E+00  0.00000E+00
   46   13  2080.0  2250.0  0.45356E+00  0.00000E+00  0.45356E+00  0.27214E+01  0.65125E+00  0.00000E+00  0.89439E+00  0.00000E+00
   46   14  2250.0  2380.0  0.45031E+00  0.00000E+00  0.45031E+00  0.27019E+01  0.67148E+00  0.00000E+00  0.89020E+00  0.00000E+00
   46   15  2380.0  2600.0  0.44369E+00  0.00000E+00  0.44369E+00  0.26622E+01  0.74672E+00  0.00000E+00  0.86166E+00  0.00000E+00
   46   16  2600.0  3250.0  0.42171E+00  0.00000E+00  0.42171E+00  0.25303E+01  0.63137E+00  0.00000E+00  0.88391E+00  0.00000E+00
   47    1    10.0   350.0  0.20524E+00  0.00000E+00  0.20524E+00  0.14367E+01  0.33304E+00  0.00000E+00  0.59070E+00  0.00000E+00
   47    2   350.0   500.0  0.29416E+00  0.00000E+00  0.29416E+00  0.20591E+01  0.77002E+00  0.00000E+00  0.72519E+00  0.00000E+00
   47    3   500.0   630.0  0.41746E+00  0.00000E+00  0.41746E+00  0.29222E+01  0.60566E+00  0.00000E+00  0.79325E+00  0.00000E+00
   47    4   630.0   700.0  0.45463E+00  0.00000E+00  0.45463E+00  0.31824E+01  0.52681E+00  0.00000E+00  0.84027E+00  0.00000E+00
   47    5   700.0   820.0  0.43841E+00  0.00000E+00  0.43841E+00  0.30689E+01  0.47117E+00  0.00000E+00  0.87017E+00  0.00000E+00
   47    6   820.0   980.0  0.33969E+00  0.00000E+00  0.33969E+00  0.23778E+01  0.42134E+00  0.00000E+00  0.91433E+00  0.00000E+00
   47    7   980.0  1080.0  0.35974E+00  0.00000E+00  0.35974E+00  0.25182E+01  0.62593E+00  0.00000E+00  0.91233E+00  0.00000E+00
   47    8  1080.0  1180.0  0.41402E+00  0.00000E+00  0.41402E+00  0.28981E+01  0.65250E+00  0.00000E+00  0.89656E+00  0.00000E+00
   47    9  1180.0  1390.0  0.44432E+00  0.00000E+00  0.44432E+00  0.31103E+01  0.62253E+00  0.00000E+00  0.89979E+00  0.00000E+00
   47   10  1390.0  1480.0  0.45054E+00  0.00000E+00  0.45054E+00  0.31538E+01  0.58976E+00  0.00000E+00  0.91301E+00  0.00000E+00
   47   11  1480.0  1800.0  0.44997E+00  0.00000E+00  0.44997E+00  0.31498E+01  0.58840E+00  0.00000E+00  0.92061E+00  0.00000E+00
   47   12  1800.0  2080.0  0.46169E+00  0.00000E+00  0.46169E+00  0.32318E+01  0.73131E+00  0.00000E+00  0.87407E+00  0.00000E+00
   47   13  2080.0  2250.0  0.45356E+00  0.00000E+00  0.45356E+00  0.31749E+01  0.65125E+00  0.00000E+00  0.89439E+00  0.00000E+00
   47   14  2250.0  2380.0  0.45031E+00  0.00000E+00  0.45031E+00  0.31522E+01  0.67148E+00  0.00000E+00  0.89020E+00  0.00000E+00
   47   15  2380.0  2600.0  0.44369E+00  0.00000E+00  0.44369E+00  0.31059E+01  0.74672E+00  0.00000E+00  0.86166E+00  0.00000E+00
   47   16  2600.0  3250.0  0.42171E+00  0.00000E+00  0.42171E+00  0.29520E+01  0.63137E+00  0.00000E+00  0.88391E+00  0.00000E+00
   48    1    10.0   350.0  0.20524E+00  0.00000E+00  0.20524E+00  0.16419E+01  0.33304E+00  0.00000E+00  0.59070E+00  0.00000E+00
   48    2   350.0   500.0  0.29416E+00  0.00000E+00  0.29416E+00  0.23533E+01  0.77002E+00  0.00000E+00  0.72519E+00  0.00000E+00
   48    3   500.0   630.0  0.41746E+00  0.00000E+00  0.41746E+00  0.33397E+01  0.60566E+00  0.00000E+00  0.79325E+00  0.00000E+00
   48    4   630.0   700.0  0.45463E+00  0.00000E+00  0.45463E+00  0.36370E+01  0.52681E+00  0.00000E+00  0.84027E+00  0.00000E+00
   48    5   700.0   820.0  0.43841E+00  0.00000E+00  0.43841E+00  0.35073E+01  0.47117E+00  0.00000E+00  0.87017E+00  0.00000E+00
   48    6   820.0   980.0  0.33969E+00  0.00000E+00  0.33969E+00  0.27175E+01  0.42134E+00  0.00000E+00  0.91433E+00  0.00000E+00
   48    7   980.0  1080.0  0.35974E+00  0.00000E+00  0.35974E+00  0.28779E+01  0.62593E+00  0.00000E+00  0.91233E+00  0.00000E+00
   48    8  1080.0  1180.0  0.41402E+00  0.00000E+00  0.41402E+00  0.33122E+01  0.65250E+00  0.00000E+00  0.89656E+00  0.00000E+00
   48    9  1180.0  1390.0  0.44432E+00  0.00000E+00  0.44432E+00  0.35546E+01  0.62253E+00  0.00000E+00  0.89979E+00  0.00000E+00
   48   10  1390.0  1480.0  0.45054E+00  0.00000E+00  0.45054E+00  0.36043E+01  0.58976E+00  0.00000E+00  0.91301E+00  0.00000E+00
   48   11  1480.0  1800.0  0.44997E+00  0.00000E+00  0.44997E+00  0.35997E+01  0.58840E+00  0.00000E+00  0.92061E+00  0.00000E+00
   48   12  1800.0  2080.0  0.46169E+00  0.00000E+00  0.46169E+00  0.36935E+01  0.73131E+00  0.00000E+00  0.87407E+00  0.00000E+00
   48   13  2080.0  2250.0  0.45356E+00  0.00000E+00  0.45356E+00  0.36285E+01  0.65125E+00  0.00000E+00  0.89439E+00  0.00000E+00
   48   14  2250.0  2380.0  0.45031E+00  0.00000E+00  0.45031E+00  0.36025E+01  0.67148E+00  0.00000E+00  0.89020E+00  0.00000E+00
   48   15  2380.0  2600.0  0.44369E+00  0.00000E+00  0.44369E+00  0.35496E+01  0.74672E+00  0.00000E+00  0.86166E+00  0.00000E+00
   48   16  2600.0  3250.0  0.42171E+00  0.00000E+00  0.42171E+00  0.33737E+01  0.63137E+00  0.00000E+00  0.88391E+00  0.00000E+00
