NUMANGS:  1
NSTR:  8
  LAY  BAND  WVN1    WVN2     ICE OD        LIQ OD     TOT EXT OD   TOT EXT OD   ICE SSA      LIQ  SSA        ICE          LIQ     
                                                                     BY BLOCK                              ASYM  FAC    ASYM  FAC  
   41    1    10.0   350.0  0.23752E+00  0.00000E+00  0.23752E+00  0.23752E+00  0.28488E+00  0.00000E+00  0.65747E+00  0.00000E+00
   41    2   350.0   500.0  0.36724E+00  0.00000E+00  0.36724E+00  0.36724E+00  0.80420E+00  0.00000E+00  0.75640E+00  0.00000E+00
   41    3   500.0   630.0  0.49164E+00  0.00000E+00  0.49164E+00  0.49164E+00  0.64124E+00  0.00000E+00  0.78475E+00  0.00000E+00
   41    4   630.0   700.0  0.50505E+00  0.00000E+00  0.50505E+00  0.50505E+00  0.53598E+00  0.00000E+00  0.81810E+00  0.00000E+00
   41    5   700.0   820.0  0.48130E+00  0.00000E+00  0.48130E+00  0.48130E+00  0.43968E+00  0.00000E+00  0.85645E+00  0.00000E+00
   41    6   820.0   980.0  0.38339E+00  0.00000E+00  0.38339E+00  0.38339E+00  0.43348E+00  0.00000E+00  0.90779E+00  0.00000E+00
   41    7   980.0  1080.0  0.41187E+00  0.00000E+00  0.41187E+00  0.41187E+00  0.67590E+00  0.00000E+00  0.91825E+00  0.00000E+00
   41    8  1080.0  1180.0  0.49197E+00  0.00000E+00  0.49197E+00  0.49197E+00  0.71345E+00  0.00000E+00  0.89368E+00  0.00000E+00
   41    9  1180.0  1390.0  0.51260E+00  0.00000E+00  0.51260E+00  0.51260E+00  0.68448E+00  0.00000E+00  0.88000E+00  0.00000E+00
   41   10  1390.0  1480.0  0.50955E+00  0.00000E+00  0.50955E+00  0.50955E+00  0.63512E+00  0.00000E+00  0.89930E+00  0.00000E+00
   41   11  1480.0  1800.0  0.50919E+00  0.00000E+00  0.50919E+00  0.50919E+00  0.62946E+00  0.00000E+00  0.90284E+00  0.00000E+00
   41   12  1800.0  2080.0  0.53345E+00  0.00000E+00  0.53345E+00  0.53345E+00  0.79144E+00  0.00000E+00  0.83133E+00  0.00000E+00
   41   13  2080.0  2250.0  0.52359E+00  0.00000E+00  0.52359E+00  0.52359E+00  0.69537E+00  0.00000E+00  0.86379E+00  0.00000E+00
   41   14  2250.0  2380.0  0.51664E+00  0.00000E+00  0.51664E+00  0.51664E+00  0.69397E+00  0.00000E+00  0.86217E+00  0.00000E+00
   41   15  2380.0  2600.0  0.51612E+00  0.00000E+00  0.51612E+00  0.51612E+00  0.76728E+00  0.00000E+00  0.81786E+00  0.00000E+00
   41   16  2600.0  3250.0  0.47610E+00  0.00000E+00  0.47610E+00  0.47610E+00  0.64909E+00  0.00000E+00  0.85911E+00  0.00000E+00
   42    1    10.0   350.0  0.23752E+00  0.00000E+00  0.23752E+00  0.47504E+00  0.28488E+00  0.00000E+00  0.65747E+00  0.00000E+00
   42    2   350.0   500.0  0.36724E+00  0.00000E+00  0.36724E+00  0.73448E+00  0.80420E+00  0.00000E+00  0.75640E+00  0.00000E+00
   42    3   500.0   630.0  0.49164E+00  0.00000E+00  0.49164E+00  0.98328E+00  0.64124E+00  0.00000E+00  0.78475E+00  0.00000E+00
   42    4   630.0   700.0  0.50505E+00  0.00000E+00  0.50505E+00  0.10101E+01  0.53598E+00  0.00000E+00  0.81810E+00  0.00000E+00
   42    5   700.0   820.0  0.48130E+00  0.00000E+00  0.48130E+00  0.96259E+00  0.43968E+00  0.00000E+00  0.85645E+00  0.00000E+00
   42    6   820.0   980.0  0.38339E+00  0.00000E+00  0.38339E+00  0.76678E+00  0.43348E+00  0.00000E+00  0.90779E+00  0.00000E+00
   42    7   980.0  1080.0  0.41187E+00  0.00000E+00  0.41187E+00  0.82375E+00  0.67590E+00  0.00000E+00  0.91825E+00  0.00000E+00
   42    8  1080.0  1180.0  0.49197E+00  0.00000E+00  0.49197E+00  0.98394E+00  0.71345E+00  0.00000E+00  0.89368E+00  0.00000E+00
   42    9  1180.0  1390.0  0.51260E+00  0.00000E+00  0.51260E+00  0.10252E+01  0.68448E+00  0.00000E+00  0.88000E+00  0.00000E+00
   42   10  1390.0  1480.0  0.50955E+00  0.00000E+00  0.50955E+00  0.10191E+01  0.63512E+00  0.00000E+00  0.89930E+00  0.00000E+00
   42   11  1480.0  1800.0  0.50919E+00  0.00000E+00  0.50919E+00  0.10184E+01  0.62946E+00  0.00000E+00  0.90284E+00  0.00000E+00
   42   12  1800.0  2080.0  0.53345E+00  0.00000E+00  0.53345E+00  0.10669E+01  0.79144E+00  0.00000E+00  0.83133E+00  0.00000E+00
   42   13  2080.0  2250.0  0.52359E+00  0.00000E+00  0.52359E+00  0.10472E+01  0.69537E+00  0.00000E+00  0.86379E+00  0.00000E+00
   42   14  2250.0  2380.0  0.51664E+00  0.00000E+00  0.51664E+00  0.10333E+01  0.69397E+00  0.00000E+00  0.86217E+00  0.00000E+00
   42   15  2380.0  2600.0  0.51612E+00  0.00000E+00  0.51612E+00  0.10322E+01  0.76728E+00  0.00000E+00  0.81786E+00  0.00000E+00
   42   16  2600.0  3250.0  0.47610E+00  0.00000E+00  0.47610E+00  0.95219E+00  0.64909E+00  0.00000E+00  0.85911E+00  0.00000E+00
   43    1    10.0   350.0  0.23752E+00  0.00000E+00  0.23752E+00  0.71256E+00  0.28488E+00  0.00000E+00  0.65747E+00  0.00000E+00
   43    2   350.0   500.0  0.36724E+00  0.00000E+00  0.36724E+00  0.11017E+01  0.80420E+00  0.00000E+00  0.75640E+00  0.00000E+00
   43    3   500.0   630.0  0.49164E+00  0.00000E+00  0.49164E+00  0.14749E+01  0.64124E+00  0.00000E+00  0.78475E+00  0.00000E+00
   43    4   630.0   700.0  0.50505E+00  0.00000E+00  0.50505E+00  0.15152E+01  0.53598E+00  0.00000E+00  0.81810E+00  0.00000E+00
   43    5   700.0   820.0  0.48130E+00  0.00000E+00  0.48130E+00  0.14439E+01  0.43968E+00  0.00000E+00  0.85645E+00  0.00000E+00
   43    6   820.0   980.0  0.38339E+00  0.00000E+00  0.38339E+00  0.11502E+01  0.43348E+00  0.00000E+00  0.90779E+00  0.00000E+00
   43    7   980.0  1080.0  0.41187E+00  0.00000E+00  0.41187E+00  0.12356E+01  0.67590E+00  0.00000E+00  0.91825E+00  0.00000E+00
   43    8  1080.0  1180.0  0.49197E+00  0.00000E+00  0.49197E+00  0.14759E+01  0.71345E+00  0.00000E+00  0.89368E+00  0.00000E+00
   43    9  1180.0  1390.0  0.51260E+00  0.00000E+00  0.51260E+00  0.15378E+01  0.68448E+00  0.00000E+00  0.88000E+00  0.00000E+00
   43   10  1390.0  1480.0  0.50955E+00  0.00000E+00  0.50955E+00  0.15287E+01  0.63512E+00  0.00000E+00  0.89930E+00  0.00000E+00
   43   11  1480.0  1800.0  0.50919E+00  0.00000E+00  0.50919E+00  0.15276E+01  0.62946E+00  0.00000E+00  0.90284E+00  0.00000E+00
   43   12  1800.0  2080.0  0.53345E+00  0.00000E+00  0.53345E+00  0.16003E+01  0.79144E+00  0.00000E+00  0.83133E+00  0.00000E+00
   43   13  2080.0  2250.0  0.52359E+00  0.00000E+00  0.52359E+00  0.15708E+01  0.69537E+00  0.00000E+00  0.86379E+00  0.00000E+00
   43   14  2250.0  2380.0  0.51664E+00  0.00000E+00  0.51664E+00  0.15499E+01  0.69397E+00  0.00000E+00  0.86217E+00  0.00000E+00
   43   15  2380.0  2600.0  0.51612E+00  0.00000E+00  0.51612E+00  0.15484E+01  0.76728E+00  0.00000E+00  0.81786E+00  0.00000E+00
   43   16  2600.0  3250.0  0.47610E+00  0.00000E+00  0.47610E+00  0.14283E+01  0.64909E+00  0.00000E+00  0.85911E+00  0.00000E+00
   44    1    10.0   350.0  0.23752E+00  0.00000E+00  0.23752E+00  0.95008E+00  0.28488E+00  0.00000E+00  0.65747E+00  0.00000E+00
   44    2   350.0   500.0  0.36724E+00  0.00000E+00  0.36724E+00  0.14690E+01  0.80420E+00  0.00000E+00  0.75640E+00  0.00000E+00
   44    3   500.0   630.0  0.49164E+00  0.00000E+00  0.49164E+00  0.19666E+01  0.64124E+00  0.00000E+00  0.78475E+00  0.00000E+00
   44    4   630.0   700.0  0.50505E+00  0.00000E+00  0.50505E+00  0.20202E+01  0.53598E+00  0.00000E+00  0.81810E+00  0.00000E+00
   44    5   700.0   820.0  0.48130E+00  0.00000E+00  0.48130E+00  0.19252E+01  0.43968E+00  0.00000E+00  0.85645E+00  0.00000E+00
   44    6   820.0   980.0  0.38339E+00  0.00000E+00  0.38339E+00  0.15336E+01  0.43348E+00  0.00000E+00  0.90779E+00  0.00000E+00
   44    7   980.0  1080.0  0.41187E+00  0.00000E+00  0.41187E+00  0.16475E+01  0.67590E+00  0.00000E+00  0.91825E+00  0.00000E+00
   44    8  1080.0  1180.0  0.49197E+00  0.00000E+00  0.49197E+00  0.19679E+01  0.71345E+00  0.00000E+00  0.89368E+00  0.00000E+00
   44    9  1180.0  1390.0  0.51260E+00  0.00000E+00  0.51260E+00  0.20504E+01  0.68448E+00  0.00000E+00  0.88000E+00  0.00000E+00
   44   10  1390.0  1480.0  0.50955E+00  0.00000E+00  0.50955E+00  0.20382E+01  0.63512E+00  0.00000E+00  0.89930E+00  0.00000E+00
   44   11  1480.0  1800.0  0.50919E+00  0.00000E+00  0.50919E+00  0.20368E+01  0.62946E+00  0.00000E+00  0.90284E+00  0.00000E+00
   44   12  1800.0  2080.0  0.53345E+00  0.00000E+00  0.53345E+00  0.21338E+01  0.79144E+00  0.00000E+00  0.83133E+00  0.00000E+00
   44   13  2080.0  2250.0  0.52359E+00  0.00000E+00  0.52359E+00  0.20944E+01  0.69537E+00  0.00000E+00  0.86379E+00  0.00000E+00
   44   14  2250.0  2380.0  0.51664E+00  0.00000E+00  0.51664E+00  0.20666E+01  0.69397E+00  0.00000E+00  0.86217E+00  0.00000E+00
   44   15  2380.0  2600.0  0.51612E+00  0.00000E+00  0.51612E+00  0.20645E+01  0.76728E+00  0.00000E+00  0.81786E+00  0.00000E+00
   44   16  2600.0  3250.0  0.47610E+00  0.00000E+00  0.47610E+00  0.19044E+01  0.64909E+00  0.00000E+00  0.85911E+00  0.00000E+00
   45    1    10.0   350.0  0.23752E+00  0.00000E+00  0.23752E+00  0.11876E+01  0.28488E+00  0.00000E+00  0.65747E+00  0.00000E+00
   45    2   350.0   500.0  0.36724E+00  0.00000E+00  0.36724E+00  0.18362E+01  0.80420E+00  0.00000E+00  0.75640E+00  0.00000E+00
   45    3   500.0   630.0  0.49164E+00  0.00000E+00  0.49164E+00  0.24582E+01  0.64124E+00  0.00000E+00  0.78475E+00  0.00000E+00
   45    4   630.0   700.0  0.50505E+00  0.00000E+00  0.50505E+00  0.25253E+01  0.53598E+00  0.00000E+00  0.81810E+00  0.00000E+00
   45    5   700.0   820.0  0.48130E+00  0.00000E+00  0.48130E+00  0.24065E+01  0.43968E+00  0.00000E+00  0.85645E+00  0.00000E+00
   45    6   820.0   980.0  0.38339E+00  0.00000E+00  0.38339E+00  0.19169E+01  0.43348E+00  0.00000E+00  0.90779E+00  0.00000E+00
   45    7   980.0  1080.0  0.41187E+00  0.00000E+00  0.41187E+00  0.20594E+01  0.67590E+00  0.00000E+00  0.91825E+00  0.00000E+00
   45    8  1080.0  1180.0  0.49197E+00  0.00000E+00  0.49197E+00  0.24599E+01  0.71345E+00  0.00000E+00  0.89368E+00  0.00000E+00
   45    9  1180.0  1390.0  0.51260E+00  0.00000E+00  0.51260E+00  0.25630E+01  0.68448E+00  0.00000E+00  0.88000E+00  0.00000E+00
   45   10  1390.0  1480.0  0.50955E+00  0.00000E+00  0.50955E+00  0.25478E+01  0.63512E+00  0.00000E+00  0.89930E+00  0.00000E+00
   45   11  1480.0  1800.0  0.50919E+00  0.00000E+00  0.50919E+00  0.25460E+01  0.62946E+00  0.00000E+00  0.90284E+00  0.00000E+00
   45   12  1800.0  2080.0  0.53345E+00  0.00000E+00  0.53345E+00  0.26672E+01  0.79144E+00  0.00000E+00  0.83133E+00  0.00000E+00
   45   13  2080.0  2250.0  0.52359E+00  0.00000E+00  0.52359E+00  0.26180E+01  0.69537E+00  0.00000E+00  0.86379E+00  0.00000E+00
   45   14  2250.0  2380.0  0.51664E+00  0.00000E+00  0.51664E+00  0.25832E+01  0.69397E+00  0.00000E+00  0.86217E+00  0.00000E+00
   45   15  2380.0  2600.0  0.51612E+00  0.00000E+00  0.51612E+00  0.25806E+01  0.76728E+00  0.00000E+00  0.81786E+00  0.00000E+00
   45   16  2600.0  3250.0  0.47610E+00  0.00000E+00  0.47610E+00  0.23805E+01  0.64909E+00  0.00000E+00  0.85911E+00  0.00000E+00
   46    1    10.0   350.0  0.23752E+00  0.00000E+00  0.23752E+00  0.14251E+01  0.28488E+00  0.00000E+00  0.65747E+00  0.00000E+00
   46    2   350.0   500.0  0.36724E+00  0.00000E+00  0.36724E+00  0.22034E+01  0.80420E+00  0.00000E+00  0.75640E+00  0.00000E+00
   46    3   500.0   630.0  0.49164E+00  0.00000E+00  0.49164E+00  0.29498E+01  0.64124E+00  0.00000E+00  0.78475E+00  0.00000E+00
   46    4   630.0   700.0  0.50505E+00  0.00000E+00  0.50505E+00  0.30303E+01  0.53598E+00  0.00000E+00  0.81810E+00  0.00000E+00
   46    5   700.0   820.0  0.48130E+00  0.00000E+00  0.48130E+00  0.28878E+01  0.43968E+00  0.00000E+00  0.85645E+00  0.00000E+00
   46    6   820.0   980.0  0.38339E+00  0.00000E+00  0.38339E+00  0.23003E+01  0.43348E+00  0.00000E+00  0.90779E+00  0.00000E+00
   46    7   980.0  1080.0  0.41187E+00  0.00000E+00  0.41187E+00  0.24712E+01  0.67590E+00  0.00000E+00  0.91825E+00  0.00000E+00
   46    8  1080.0  1180.0  0.49197E+00  0.00000E+00  0.49197E+00  0.29518E+01  0.71345E+00  0.00000E+00  0.89368E+00  0.00000E+00
   46    9  1180.0  1390.0  0.51260E+00  0.00000E+00  0.51260E+00  0.30756E+01  0.68448E+00  0.00000E+00  0.88000E+00  0.00000E+00
   46   10  1390.0  1480.0  0.50955E+00  0.00000E+00  0.50955E+00  0.30573E+01  0.63512E+00  0.00000E+00  0.89930E+00  0.00000E+00
   46   11  1480.0  1800.0  0.50919E+00  0.00000E+00  0.50919E+00  0.30552E+01  0.62946E+00  0.00000E+00  0.90284E+00  0.00000E+00
   46   12  1800.0  2080.0  0.53345E+00  0.00000E+00  0.53345E+00  0.32007E+01  0.79144E+00  0.00000E+00  0.83133E+00  0.00000E+00
   46   13  2080.0  2250.0  0.52359E+00  0.00000E+00  0.52359E+00  0.31415E+01  0.69537E+00  0.00000E+00  0.86379E+00  0.00000E+00
   46   14  2250.0  2380.0  0.51664E+00  0.00000E+00  0.51664E+00  0.30998E+01  0.69397E+00  0.00000E+00  0.86217E+00  0.00000E+00
   46   15  2380.0  2600.0  0.51612E+00  0.00000E+00  0.51612E+00  0.30967E+01  0.76728E+00  0.00000E+00  0.81786E+00  0.00000E+00
   46   16  2600.0  3250.0  0.47610E+00  0.00000E+00  0.47610E+00  0.28566E+01  0.64909E+00  0.00000E+00  0.85911E+00  0.00000E+00
   47    1    10.0   350.0  0.23752E+00  0.00000E+00  0.23752E+00  0.16626E+01  0.28488E+00  0.00000E+00  0.65747E+00  0.00000E+00
   47    2   350.0   500.0  0.36724E+00  0.00000E+00  0.36724E+00  0.25707E+01  0.80420E+00  0.00000E+00  0.75640E+00  0.00000E+00
   47    3   500.0   630.0  0.49164E+00  0.00000E+00  0.49164E+00  0.34415E+01  0.64124E+00  0.00000E+00  0.78475E+00  0.00000E+00
   47    4   630.0   700.0  0.50505E+00  0.00000E+00  0.50505E+00  0.35354E+01  0.53598E+00  0.00000E+00  0.81810E+00  0.00000E+00
   47    5   700.0   820.0  0.48130E+00  0.00000E+00  0.48130E+00  0.33691E+01  0.43968E+00  0.00000E+00  0.85645E+00  0.00000E+00
   47    6   820.0   980.0  0.38339E+00  0.00000E+00  0.38339E+00  0.26837E+01  0.43348E+00  0.00000E+00  0.90779E+00  0.00000E+00
   47    7   980.0  1080.0  0.41187E+00  0.00000E+00  0.41187E+00  0.28831E+01  0.67590E+00  0.00000E+00  0.91825E+00  0.00000E+00
   47    8  1080.0  1180.0  0.49197E+00  0.00000E+00  0.49197E+00  0.34438E+01  0.71345E+00  0.00000E+00  0.89368E+00  0.00000E+00
   47    9  1180.0  1390.0  0.51260E+00  0.00000E+00  0.51260E+00  0.35882E+01  0.68448E+00  0.00000E+00  0.88000E+00  0.00000E+00
   47   10  1390.0  1480.0  0.50955E+00  0.00000E+00  0.50955E+00  0.35669E+01  0.63512E+00  0.00000E+00  0.89930E+00  0.00000E+00
   47   11  1480.0  1800.0  0.50919E+00  0.00000E+00  0.50919E+00  0.35644E+01  0.62946E+00  0.00000E+00  0.90284E+00  0.00000E+00
   47   12  1800.0  2080.0  0.53345E+00  0.00000E+00  0.53345E+00  0.37341E+01  0.79144E+00  0.00000E+00  0.83133E+00  0.00000E+00
   47   13  2080.0  2250.0  0.52359E+00  0.00000E+00  0.52359E+00  0.36651E+01  0.69537E+00  0.00000E+00  0.86379E+00  0.00000E+00
   47   14  2250.0  2380.0  0.51664E+00  0.00000E+00  0.51664E+00  0.36165E+01  0.69397E+00  0.00000E+00  0.86217E+00  0.00000E+00
   47   15  2380.0  2600.0  0.51612E+00  0.00000E+00  0.51612E+00  0.36129E+01  0.76728E+00  0.00000E+00  0.81786E+00  0.00000E+00
   47   16  2600.0  3250.0  0.47610E+00  0.00000E+00  0.47610E+00  0.33327E+01  0.64909E+00  0.00000E+00  0.85911E+00  0.00000E+00
   48    1    10.0   350.0  0.23752E+00  0.00000E+00  0.23752E+00  0.19002E+01  0.28488E+00  0.00000E+00  0.65747E+00  0.00000E+00
   48    2   350.0   500.0  0.36724E+00  0.00000E+00  0.36724E+00  0.29379E+01  0.80420E+00  0.00000E+00  0.75640E+00  0.00000E+00
   48    3   500.0   630.0  0.49164E+00  0.00000E+00  0.49164E+00  0.39331E+01  0.64124E+00  0.00000E+00  0.78475E+00  0.00000E+00
   48    4   630.0   700.0  0.50505E+00  0.00000E+00  0.50505E+00  0.40404E+01  0.53598E+00  0.00000E+00  0.81810E+00  0.00000E+00
   48    5   700.0   820.0  0.48130E+00  0.00000E+00  0.48130E+00  0.38504E+01  0.43968E+00  0.00000E+00  0.85645E+00  0.00000E+00
   48    6   820.0   980.0  0.38339E+00  0.00000E+00  0.38339E+00  0.30671E+01  0.43348E+00  0.00000E+00  0.90779E+00  0.00000E+00
   48    7   980.0  1080.0  0.41187E+00  0.00000E+00  0.41187E+00  0.32950E+01  0.67590E+00  0.00000E+00  0.91825E+00  0.00000E+00
   48    8  1080.0  1180.0  0.49197E+00  0.00000E+00  0.49197E+00  0.39358E+01  0.71345E+00  0.00000E+00  0.89368E+00  0.00000E+00
   48    9  1180.0  1390.0  0.51260E+00  0.00000E+00  0.51260E+00  0.41008E+01  0.68448E+00  0.00000E+00  0.88000E+00  0.00000E+00
   48   10  1390.0  1480.0  0.50955E+00  0.00000E+00  0.50955E+00  0.40764E+01  0.63512E+00  0.00000E+00  0.89930E+00  0.00000E+00
   48   11  1480.0  1800.0  0.50919E+00  0.00000E+00  0.50919E+00  0.40735E+01  0.62946E+00  0.00000E+00  0.90284E+00  0.00000E+00
   48   12  1800.0  2080.0  0.53345E+00  0.00000E+00  0.53345E+00  0.42676E+01  0.79144E+00  0.00000E+00  0.83133E+00  0.00000E+00
   48   13  2080.0  2250.0  0.52359E+00  0.00000E+00  0.52359E+00  0.41887E+01  0.69537E+00  0.00000E+00  0.86379E+00  0.00000E+00
   48   14  2250.0  2380.0  0.51664E+00  0.00000E+00  0.51664E+00  0.41331E+01  0.69397E+00  0.00000E+00  0.86217E+00  0.00000E+00
   48   15  2380.0  2600.0  0.51612E+00  0.00000E+00  0.51612E+00  0.41290E+01  0.76728E+00  0.00000E+00  0.81786E+00  0.00000E+00
   48   16  2600.0  3250.0  0.47610E+00  0.00000E+00  0.47610E+00  0.38088E+01  0.64909E+00  0.00000E+00  0.85911E+00  0.00000E+00
