NUMANGS:  3
NSTR:  0
  LAY  BAND  WVN1    WVN2     ICE OD       LIQ OD      TOT ABS OD   TOT ABS OD 
                                                                     BY BLOCK  
    4    1    10.0   350.0  0.81111E-01  0.38190E+00  0.46301E+00  0.46301E+00
    4    2   350.0   500.0  0.67333E-01  0.64515E+00  0.71248E+00  0.71248E+00
    4    3   500.0   630.0  0.75833E-01  0.71934E+00  0.79518E+00  0.79518E+00
    4    4   630.0   700.0  0.75833E-01  0.69294E+00  0.76877E+00  0.76877E+00
    4    5   700.0   820.0  0.75833E-01  0.63575E+00  0.71159E+00  0.71159E+00
    4    6   820.0   980.0  0.72778E-01  0.40427E+00  0.47705E+00  0.47705E+00
    4    7   980.0  1080.0  0.72778E-01  0.31637E+00  0.38915E+00  0.38915E+00
    4    8  1080.0  1180.0  0.72778E-01  0.29859E+00  0.37137E+00  0.37137E+00
    4    9  1180.0  1390.0  0.72111E-01  0.30558E+00  0.37769E+00  0.37769E+00
    4   10  1390.0  1480.0  0.72111E-01  0.34146E+00  0.41357E+00  0.41357E+00
    4   11  1480.0  1800.0  0.72111E-01  0.49710E+00  0.56921E+00  0.56921E+00
    4   12  1800.0  2080.0  0.72111E-01  0.20111E+00  0.27322E+00  0.27322E+00
    4   13  2080.0  2250.0  0.72111E-01  0.23910E+00  0.31122E+00  0.31122E+00
    4   14  2250.0  2380.0  0.72111E-01  0.19535E+00  0.26746E+00  0.26746E+00
    4   15  2380.0  2600.0  0.72111E-01  0.12473E+00  0.19684E+00  0.19684E+00
    4   16  2600.0  3250.0  0.72111E-01  0.29358E+00  0.36570E+00  0.36570E+00
