NUMANGS:  0
NSTR:  0
  LAY  BAND  WVN1    WVN2     ICE OD       LIQ OD      TOT ABS OD   TOT ABS OD 
                                                                     BY BLOCK  
   13    1    10.0   350.0  0.14773E-03  0.00000E+00  0.14773E-03  0.14773E-03
   13    2   350.0   500.0  0.99278E-04  0.00000E+00  0.99278E-04  0.99278E-04
   13    3   500.0   630.0  0.15105E-03  0.00000E+00  0.15105E-03  0.15105E-03
   13    4   630.0   700.0  0.16067E-03  0.00000E+00  0.16067E-03  0.16067E-03
   13    5   700.0   820.0  0.16473E-03  0.00000E+00  0.16473E-03  0.16473E-03
   13    6   820.0   980.0  0.15087E-03  0.00000E+00  0.15087E-03  0.15087E-03
   13    7   980.0  1080.0  0.13329E-03  0.00000E+00  0.13329E-03  0.13329E-03
   13    8  1080.0  1180.0  0.13632E-03  0.00000E+00  0.13632E-03  0.13632E-03
   13    9  1180.0  1390.0  0.13977E-03  0.00000E+00  0.13977E-03  0.13977E-03
   13   10  1390.0  1480.0  0.14513E-03  0.00000E+00  0.14513E-03  0.14513E-03
   13   11  1480.0  1800.0  0.14256E-03  0.00000E+00  0.14256E-03  0.14256E-03
   13   12  1800.0  2080.0  0.11179E-03  0.00000E+00  0.11179E-03  0.11179E-03
   13   13  2080.0  2250.0  0.13347E-03  0.00000E+00  0.13347E-03  0.13347E-03
   13   14  2250.0  2380.0  0.13257E-03  0.00000E+00  0.13257E-03  0.13257E-03
   13   15  2380.0  2600.0  0.11626E-03  0.00000E+00  0.11626E-03  0.11626E-03
   13   16  2600.0  3250.0  0.12561E-03  0.00000E+00  0.12561E-03  0.12561E-03
   14    1    10.0   350.0  0.39605E-03  0.00000E+00  0.39605E-03  0.54379E-03
   14    2   350.0   500.0  0.26588E-03  0.00000E+00  0.26588E-03  0.36516E-03
   14    3   500.0   630.0  0.40496E-03  0.00000E+00  0.40496E-03  0.55601E-03
   14    4   630.0   700.0  0.43090E-03  0.00000E+00  0.43090E-03  0.59157E-03
   14    5   700.0   820.0  0.44187E-03  0.00000E+00  0.44187E-03  0.60660E-03
   14    6   820.0   980.0  0.40458E-03  0.00000E+00  0.40458E-03  0.55545E-03
   14    7   980.0  1080.0  0.35721E-03  0.00000E+00  0.35721E-03  0.49050E-03
   14    8  1080.0  1180.0  0.36534E-03  0.00000E+00  0.36534E-03  0.50166E-03
   14    9  1180.0  1390.0  0.37465E-03  0.00000E+00  0.37465E-03  0.51442E-03
   14   10  1390.0  1480.0  0.38908E-03  0.00000E+00  0.38908E-03  0.53422E-03
   14   11  1480.0  1800.0  0.38220E-03  0.00000E+00  0.38220E-03  0.52476E-03
   14   12  1800.0  2080.0  0.29948E-03  0.00000E+00  0.29948E-03  0.41127E-03
   14   13  2080.0  2250.0  0.35772E-03  0.00000E+00  0.35772E-03  0.49119E-03
   14   14  2250.0  2380.0  0.35530E-03  0.00000E+00  0.35530E-03  0.48786E-03
   14   15  2380.0  2600.0  0.31147E-03  0.00000E+00  0.31147E-03  0.42773E-03
   14   16  2600.0  3250.0  0.33671E-03  0.00000E+00  0.33671E-03  0.46232E-03
   15    1    10.0   350.0  0.16441E-02  0.00000E+00  0.16441E-02  0.21878E-02
   15    2   350.0   500.0  0.11026E-02  0.00000E+00  0.11026E-02  0.14678E-02
   15    3   500.0   630.0  0.16812E-02  0.00000E+00  0.16812E-02  0.22372E-02
   15    4   630.0   700.0  0.17895E-02  0.00000E+00  0.17895E-02  0.23810E-02
   15    5   700.0   820.0  0.18353E-02  0.00000E+00  0.18353E-02  0.24419E-02
   15    6   820.0   980.0  0.16800E-02  0.00000E+00  0.16800E-02  0.22354E-02
   15    7   980.0  1080.0  0.14824E-02  0.00000E+00  0.14824E-02  0.19729E-02
   15    8  1080.0  1180.0  0.15162E-02  0.00000E+00  0.15162E-02  0.20178E-02
   15    9  1180.0  1390.0  0.15550E-02  0.00000E+00  0.15550E-02  0.20694E-02
   15   10  1390.0  1480.0  0.16151E-02  0.00000E+00  0.16151E-02  0.21493E-02
   15   11  1480.0  1800.0  0.15866E-02  0.00000E+00  0.15866E-02  0.21113E-02
   15   12  1800.0  2080.0  0.12423E-02  0.00000E+00  0.12423E-02  0.16536E-02
   15   13  2080.0  2250.0  0.14846E-02  0.00000E+00  0.14846E-02  0.19758E-02
   15   14  2250.0  2380.0  0.14745E-02  0.00000E+00  0.14745E-02  0.19624E-02
   15   15  2380.0  2600.0  0.12922E-02  0.00000E+00  0.12922E-02  0.17199E-02
   15   16  2600.0  3250.0  0.13975E-02  0.00000E+00  0.13975E-02  0.18599E-02
   16    1    10.0   350.0  0.36688E-02  0.00000E+00  0.36688E-02  0.58567E-02
   16    2   350.0   500.0  0.24560E-02  0.00000E+00  0.24560E-02  0.39238E-02
   16    3   500.0   630.0  0.37524E-02  0.00000E+00  0.37524E-02  0.59896E-02
   16    4   630.0   700.0  0.39963E-02  0.00000E+00  0.39963E-02  0.63774E-02
   16    5   700.0   820.0  0.40999E-02  0.00000E+00  0.40999E-02  0.65418E-02
   16    6   820.0   980.0  0.37510E-02  0.00000E+00  0.37510E-02  0.59864E-02
   16    7   980.0  1080.0  0.33062E-02  0.00000E+00  0.33062E-02  0.52791E-02
   16    8  1080.0  1180.0  0.33819E-02  0.00000E+00  0.33819E-02  0.53997E-02
   16    9  1180.0  1390.0  0.34690E-02  0.00000E+00  0.34690E-02  0.55384E-02
   16   10  1390.0  1480.0  0.36042E-02  0.00000E+00  0.36042E-02  0.57535E-02
   16   11  1480.0  1800.0  0.35406E-02  0.00000E+00  0.35406E-02  0.56519E-02
   16   12  1800.0  2080.0  0.27689E-02  0.00000E+00  0.27689E-02  0.44225E-02
   16   13  2080.0  2250.0  0.33115E-02  0.00000E+00  0.33115E-02  0.52872E-02
   16   14  2250.0  2380.0  0.32889E-02  0.00000E+00  0.32889E-02  0.52513E-02
   16   15  2380.0  2600.0  0.28803E-02  0.00000E+00  0.28803E-02  0.46002E-02
   16   16  2600.0  3250.0  0.31180E-02  0.00000E+00  0.31180E-02  0.49779E-02
   17    1    10.0   350.0  0.53343E-02  0.00000E+00  0.53343E-02  0.11191E-01
   17    2   350.0   500.0  0.35641E-02  0.00000E+00  0.35641E-02  0.74879E-02
   17    3   500.0   630.0  0.54566E-02  0.00000E+00  0.54566E-02  0.11446E-01
   17    4   630.0   700.0  0.58149E-02  0.00000E+00  0.58149E-02  0.12192E-01
   17    5   700.0   820.0  0.59674E-02  0.00000E+00  0.59674E-02  0.12509E-01
   17    6   820.0   980.0  0.54568E-02  0.00000E+00  0.54568E-02  0.11443E-01
   17    7   980.0  1080.0  0.48042E-02  0.00000E+00  0.48042E-02  0.10083E-01
   17    8  1080.0  1180.0  0.49147E-02  0.00000E+00  0.49147E-02  0.10314E-01
   17    9  1180.0  1390.0  0.50423E-02  0.00000E+00  0.50423E-02  0.10581E-01
   17   10  1390.0  1480.0  0.52403E-02  0.00000E+00  0.52403E-02  0.10994E-01
   17   11  1480.0  1800.0  0.51480E-02  0.00000E+00  0.51480E-02  0.10800E-01
   17   12  1800.0  2080.0  0.40206E-02  0.00000E+00  0.40206E-02  0.84431E-02
   17   13  2080.0  2250.0  0.48125E-02  0.00000E+00  0.48125E-02  0.10100E-01
   17   14  2250.0  2380.0  0.47795E-02  0.00000E+00  0.47795E-02  0.10031E-01
   17   15  2380.0  2600.0  0.41829E-02  0.00000E+00  0.41829E-02  0.87831E-02
   17   16  2600.0  3250.0  0.45323E-02  0.00000E+00  0.45323E-02  0.95102E-02
   18    1    10.0   350.0  0.81453E-02  0.00000E+00  0.81453E-02  0.19336E-01
   18    2   350.0   500.0  0.54321E-02  0.00000E+00  0.54321E-02  0.12920E-01
   18    3   500.0   630.0  0.83336E-02  0.00000E+00  0.83336E-02  0.19780E-01
   18    4   630.0   700.0  0.88860E-02  0.00000E+00  0.88860E-02  0.21078E-01
   18    5   700.0   820.0  0.91218E-02  0.00000E+00  0.91218E-02  0.21631E-01
   18    6   820.0   980.0  0.83370E-02  0.00000E+00  0.83370E-02  0.19780E-01
   18    7   980.0  1080.0  0.73318E-02  0.00000E+00  0.73318E-02  0.17415E-01
   18    8  1080.0  1180.0  0.75009E-02  0.00000E+00  0.75009E-02  0.17815E-01
   18    9  1180.0  1390.0  0.76972E-02  0.00000E+00  0.76972E-02  0.18278E-01
   18   10  1390.0  1480.0  0.80017E-02  0.00000E+00  0.80017E-02  0.18996E-01
   18   11  1480.0  1800.0  0.78611E-02  0.00000E+00  0.78611E-02  0.18661E-01
   18   12  1800.0  2080.0  0.61316E-02  0.00000E+00  0.61316E-02  0.14575E-01
   18   13  2080.0  2250.0  0.73452E-02  0.00000E+00  0.73452E-02  0.17445E-01
   18   14  2250.0  2380.0  0.72947E-02  0.00000E+00  0.72947E-02  0.17325E-01
   18   15  2380.0  2600.0  0.63798E-02  0.00000E+00  0.63798E-02  0.15163E-01
   18   16  2600.0  3250.0  0.69192E-02  0.00000E+00  0.69192E-02  0.16429E-01
   19    1    10.0   350.0  0.95979E-02  0.00000E+00  0.95979E-02  0.28934E-01
   19    2   350.0   500.0  0.63862E-02  0.00000E+00  0.63862E-02  0.19306E-01
   19    3   500.0   630.0  0.98216E-02  0.00000E+00  0.98216E-02  0.29601E-01
   19    4   630.0   700.0  0.10480E-01  0.00000E+00  0.10480E-01  0.31558E-01
   19    5   700.0   820.0  0.10762E-01  0.00000E+00  0.10762E-01  0.32393E-01
   19    6   820.0   980.0  0.98303E-02  0.00000E+00  0.98303E-02  0.29610E-01
   19    7   980.0  1080.0  0.86332E-02  0.00000E+00  0.86332E-02  0.26048E-01
   19    8  1080.0  1180.0  0.88334E-02  0.00000E+00  0.88334E-02  0.26649E-01
   19    9  1180.0  1390.0  0.90666E-02  0.00000E+00  0.90666E-02  0.27344E-01
   19   10  1390.0  1480.0  0.94286E-02  0.00000E+00  0.94286E-02  0.28424E-01
   19   11  1480.0  1800.0  0.92632E-02  0.00000E+00  0.92632E-02  0.27924E-01
   19   12  1800.0  2080.0  0.72138E-02  0.00000E+00  0.72138E-02  0.21789E-01
   19   13  2080.0  2250.0  0.86502E-02  0.00000E+00  0.86502E-02  0.26095E-01
   19   14  2250.0  2380.0  0.85905E-02  0.00000E+00  0.85905E-02  0.25916E-01
   19   15  2380.0  2600.0  0.75070E-02  0.00000E+00  0.75070E-02  0.22670E-01
   19   16  2600.0  3250.0  0.81507E-02  0.00000E+00  0.81507E-02  0.24580E-01
   20    1    10.0   350.0  0.11061E-01  0.00000E+00  0.11061E-01  0.39996E-01
   20    2   350.0   500.0  0.73475E-02  0.00000E+00  0.73475E-02  0.26654E-01
   20    3   500.0   630.0  0.11321E-01  0.00000E+00  0.11321E-01  0.40922E-01
   20    4   630.0   700.0  0.12087E-01  0.00000E+00  0.12087E-01  0.43645E-01
   20    5   700.0   820.0  0.12415E-01  0.00000E+00  0.12415E-01  0.44808E-01
   20    6   820.0   980.0  0.11335E-01  0.00000E+00  0.11335E-01  0.40945E-01
   20    7   980.0  1080.0  0.99446E-02  0.00000E+00  0.99446E-02  0.35993E-01
   20    8  1080.0  1180.0  0.10176E-01  0.00000E+00  0.10176E-01  0.36825E-01
   20    9  1180.0  1390.0  0.10446E-01  0.00000E+00  0.10446E-01  0.37791E-01
   20   10  1390.0  1480.0  0.10866E-01  0.00000E+00  0.10866E-01  0.39290E-01
   20   11  1480.0  1800.0  0.10676E-01  0.00000E+00  0.10676E-01  0.38600E-01
   20   12  1800.0  2080.0  0.83043E-02  0.00000E+00  0.83043E-02  0.30093E-01
   20   13  2080.0  2250.0  0.99652E-02  0.00000E+00  0.99652E-02  0.36060E-01
   20   14  2250.0  2380.0  0.98961E-02  0.00000E+00  0.98961E-02  0.35812E-01
   20   15  2380.0  2600.0  0.86428E-02  0.00000E+00  0.86428E-02  0.31313E-01
   20   16  2600.0  3250.0  0.93917E-02  0.00000E+00  0.93917E-02  0.33972E-01
   21    1    10.0   350.0  0.11852E-01  0.00000E+00  0.11852E-01  0.51847E-01
   21    2   350.0   500.0  0.78564E-02  0.00000E+00  0.78564E-02  0.34510E-01
   21    3   500.0   630.0  0.12131E-01  0.00000E+00  0.12131E-01  0.53053E-01
   21    4   630.0   700.0  0.12960E-01  0.00000E+00  0.12960E-01  0.56605E-01
   21    5   700.0   820.0  0.13317E-01  0.00000E+00  0.13317E-01  0.58125E-01
   21    6   820.0   980.0  0.12151E-01  0.00000E+00  0.12151E-01  0.53097E-01
   21    7   980.0  1080.0  0.10648E-01  0.00000E+00  0.10648E-01  0.46641E-01
   21    8  1080.0  1180.0  0.10896E-01  0.00000E+00  0.10896E-01  0.47721E-01
   21    9  1180.0  1390.0  0.11188E-01  0.00000E+00  0.11188E-01  0.48979E-01
   21   10  1390.0  1480.0  0.11642E-01  0.00000E+00  0.11642E-01  0.50932E-01
   21   11  1480.0  1800.0  0.11438E-01  0.00000E+00  0.11438E-01  0.50039E-01
   21   12  1800.0  2080.0  0.88851E-02  0.00000E+00  0.88851E-02  0.38978E-01
   21   13  2080.0  2250.0  0.10671E-01  0.00000E+00  0.10671E-01  0.46732E-01
   21   14  2250.0  2380.0  0.10597E-01  0.00000E+00  0.10597E-01  0.46409E-01
   21   15  2380.0  2600.0  0.92485E-02  0.00000E+00  0.92485E-02  0.40561E-01
   21   16  2600.0  3250.0  0.10060E-01  0.00000E+00  0.10060E-01  0.44032E-01
   22    1    10.0   350.0  0.13648E-01  0.00000E+00  0.13648E-01  0.65495E-01
   22    2   350.0   500.0  0.90195E-02  0.00000E+00  0.90195E-02  0.43530E-01
   22    3   500.0   630.0  0.13969E-01  0.00000E+00  0.13969E-01  0.67022E-01
   22    4   630.0   700.0  0.14938E-01  0.00000E+00  0.14938E-01  0.71543E-01
   22    5   700.0   820.0  0.15358E-01  0.00000E+00  0.15358E-01  0.73483E-01
   22    6   820.0   980.0  0.14003E-01  0.00000E+00  0.14003E-01  0.67100E-01
   22    7   980.0  1080.0  0.12248E-01  0.00000E+00  0.12248E-01  0.58889E-01
   22    8  1080.0  1180.0  0.12535E-01  0.00000E+00  0.12535E-01  0.60256E-01
   22    9  1180.0  1390.0  0.12875E-01  0.00000E+00  0.12875E-01  0.61854E-01
   22   10  1390.0  1480.0  0.13403E-01  0.00000E+00  0.13403E-01  0.64335E-01
   22   11  1480.0  1800.0  0.13170E-01  0.00000E+00  0.13170E-01  0.63209E-01
   22   12  1800.0  2080.0  0.10210E-01  0.00000E+00  0.10210E-01  0.49188E-01
   22   13  2080.0  2250.0  0.12277E-01  0.00000E+00  0.12277E-01  0.59009E-01
   22   14  2250.0  2380.0  0.12191E-01  0.00000E+00  0.12191E-01  0.58601E-01
   22   15  2380.0  2600.0  0.10629E-01  0.00000E+00  0.10629E-01  0.51190E-01
   22   16  2600.0  3250.0  0.11579E-01  0.00000E+00  0.11579E-01  0.55610E-01
   23    1    10.0   350.0  0.13211E-01  0.00000E+00  0.13211E-01  0.78706E-01
   23    2   350.0   500.0  0.87047E-02  0.00000E+00  0.87047E-02  0.52234E-01
   23    3   500.0   630.0  0.13521E-01  0.00000E+00  0.13521E-01  0.80544E-01
   23    4   630.0   700.0  0.14474E-01  0.00000E+00  0.14474E-01  0.86017E-01
   23    5   700.0   820.0  0.14888E-01  0.00000E+00  0.14888E-01  0.88371E-01
   23    6   820.0   980.0  0.13565E-01  0.00000E+00  0.13565E-01  0.80666E-01
   23    7   980.0  1080.0  0.11843E-01  0.00000E+00  0.11843E-01  0.70732E-01
   23    8  1080.0  1180.0  0.12121E-01  0.00000E+00  0.12121E-01  0.72377E-01
   23    9  1180.0  1390.0  0.12454E-01  0.00000E+00  0.12454E-01  0.74308E-01
   23   10  1390.0  1480.0  0.12971E-01  0.00000E+00  0.12971E-01  0.77306E-01
   23   11  1480.0  1800.0  0.12747E-01  0.00000E+00  0.12747E-01  0.75956E-01
   23   12  1800.0  2080.0  0.98621E-02  0.00000E+00  0.98621E-02  0.59050E-01
   23   13  2080.0  2250.0  0.11874E-01  0.00000E+00  0.11874E-01  0.70883E-01
   23   14  2250.0  2380.0  0.11790E-01  0.00000E+00  0.11790E-01  0.70391E-01
   23   15  2380.0  2600.0  0.10269E-01  0.00000E+00  0.10269E-01  0.61460E-01
   23   16  2600.0  3250.0  0.11203E-01  0.00000E+00  0.11203E-01  0.66813E-01
   24    1    10.0   350.0  0.11898E-01  0.00000E+00  0.11898E-01  0.90604E-01
   24    2   350.0   500.0  0.78221E-02  0.00000E+00  0.78221E-02  0.60056E-01
   24    3   500.0   630.0  0.12177E-01  0.00000E+00  0.12177E-01  0.92721E-01
   24    4   630.0   700.0  0.13045E-01  0.00000E+00  0.13045E-01  0.99062E-01
   24    5   700.0   820.0  0.13423E-01  0.00000E+00  0.13423E-01  0.10179E+00
   24    6   820.0   980.0  0.12224E-01  0.00000E+00  0.12224E-01  0.92890E-01
   24    7   980.0  1080.0  0.10658E-01  0.00000E+00  0.10658E-01  0.81390E-01
   24    8  1080.0  1180.0  0.10909E-01  0.00000E+00  0.10909E-01  0.83286E-01
   24    9  1180.0  1390.0  0.11211E-01  0.00000E+00  0.11211E-01  0.85519E-01
   24   10  1390.0  1480.0  0.11680E-01  0.00000E+00  0.11680E-01  0.88986E-01
   24   11  1480.0  1800.0  0.11479E-01  0.00000E+00  0.11479E-01  0.87434E-01
   24   12  1800.0  2080.0  0.88681E-02  0.00000E+00  0.88681E-02  0.67918E-01
   24   13  2080.0  2250.0  0.10687E-01  0.00000E+00  0.10687E-01  0.81570E-01
   24   14  2250.0  2380.0  0.10611E-01  0.00000E+00  0.10611E-01  0.81002E-01
   24   15  2380.0  2600.0  0.92355E-02  0.00000E+00  0.92355E-02  0.70695E-01
   24   16  2600.0  3250.0  0.10086E-01  0.00000E+00  0.10086E-01  0.76899E-01
   25    1    10.0   350.0  0.11789E-01  0.00000E+00  0.11789E-01  0.10239E+00
   25    2   350.0   500.0  0.77390E-02  0.00000E+00  0.77390E-02  0.67795E-01
   25    3   500.0   630.0  0.12066E-01  0.00000E+00  0.12066E-01  0.10479E+00
   25    4   630.0   700.0  0.12931E-01  0.00000E+00  0.12931E-01  0.11199E+00
   25    5   700.0   820.0  0.13310E-01  0.00000E+00  0.13310E-01  0.11510E+00
   25    6   820.0   980.0  0.12116E-01  0.00000E+00  0.12116E-01  0.10501E+00
   25    7   980.0  1080.0  0.10554E-01  0.00000E+00  0.10554E-01  0.91944E-01
   25    8  1080.0  1180.0  0.10803E-01  0.00000E+00  0.10803E-01  0.94089E-01
   25    9  1180.0  1390.0  0.11104E-01  0.00000E+00  0.11104E-01  0.96624E-01
   25   10  1390.0  1480.0  0.11572E-01  0.00000E+00  0.11572E-01  0.10056E+00
   25   11  1480.0  1800.0  0.11373E-01  0.00000E+00  0.11373E-01  0.98807E-01
   25   12  1800.0  2080.0  0.87777E-02  0.00000E+00  0.87777E-02  0.76696E-01
   25   13  2080.0  2250.0  0.10584E-01  0.00000E+00  0.10584E-01  0.92154E-01
   25   14  2250.0  2380.0  0.10509E-01  0.00000E+00  0.10509E-01  0.91511E-01
   25   15  2380.0  2600.0  0.91422E-02  0.00000E+00  0.91422E-02  0.79837E-01
   25   16  2600.0  3250.0  0.99911E-02  0.00000E+00  0.99911E-02  0.86890E-01
   26    1    10.0   350.0  0.12608E-01  0.00000E+00  0.12608E-01  0.11500E+00
   26    2   350.0   500.0  0.82610E-02  0.00000E+00  0.82610E-02  0.76056E-01
   26    3   500.0   630.0  0.12904E-01  0.00000E+00  0.12904E-01  0.11769E+00
   26    4   630.0   700.0  0.13839E-01  0.00000E+00  0.13839E-01  0.12583E+00
   26    5   700.0   820.0  0.14249E-01  0.00000E+00  0.14249E-01  0.12935E+00
   26    6   820.0   980.0  0.12965E-01  0.00000E+00  0.12965E-01  0.11797E+00
   26    7   980.0  1080.0  0.11280E-01  0.00000E+00  0.11280E-01  0.10322E+00
   26    8  1080.0  1180.0  0.11547E-01  0.00000E+00  0.11547E-01  0.10564E+00
   26    9  1180.0  1390.0  0.11871E-01  0.00000E+00  0.11871E-01  0.10850E+00
   26   10  1390.0  1480.0  0.12375E-01  0.00000E+00  0.12375E-01  0.11293E+00
   26   11  1480.0  1800.0  0.12162E-01  0.00000E+00  0.12162E-01  0.11097E+00
   26   12  1800.0  2080.0  0.93753E-02  0.00000E+00  0.93753E-02  0.86071E-01
   26   13  2080.0  2250.0  0.11314E-01  0.00000E+00  0.11314E-01  0.10347E+00
   26   14  2250.0  2380.0  0.11233E-01  0.00000E+00  0.11233E-01  0.10274E+00
   26   15  2380.0  2600.0  0.97657E-02  0.00000E+00  0.97657E-02  0.89603E-01
   26   16  2600.0  3250.0  0.10683E-01  0.00000E+00  0.10683E-01  0.97572E-01
   27    1    10.0   350.0  0.12984E-01  0.00000E+00  0.12984E-01  0.12798E+00
   27    2   350.0   500.0  0.84856E-02  0.00000E+00  0.84856E-02  0.84542E-01
   27    3   500.0   630.0  0.13288E-01  0.00000E+00  0.13288E-01  0.13098E+00
   27    4   630.0   700.0  0.14262E-01  0.00000E+00  0.14262E-01  0.14009E+00
   27    5   700.0   820.0  0.14691E-01  0.00000E+00  0.14691E-01  0.14405E+00
   27    6   820.0   980.0  0.13359E-01  0.00000E+00  0.13359E-01  0.13133E+00
   27    7   980.0  1080.0  0.11606E-01  0.00000E+00  0.11606E-01  0.11483E+00
   27    8  1080.0  1180.0  0.11881E-01  0.00000E+00  0.11881E-01  0.11752E+00
   27    9  1180.0  1390.0  0.12218E-01  0.00000E+00  0.12218E-01  0.12071E+00
   27   10  1390.0  1480.0  0.12741E-01  0.00000E+00  0.12741E-01  0.12567E+00
   27   11  1480.0  1800.0  0.12523E-01  0.00000E+00  0.12523E-01  0.12349E+00
   27   12  1800.0  2080.0  0.96374E-02  0.00000E+00  0.96374E-02  0.95708E-01
   27   13  2080.0  2250.0  0.11642E-01  0.00000E+00  0.11642E-01  0.11511E+00
   27   14  2250.0  2380.0  0.11559E-01  0.00000E+00  0.11559E-01  0.11430E+00
   27   15  2380.0  2600.0  0.10040E-01  0.00000E+00  0.10040E-01  0.99644E-01
   27   16  2600.0  3250.0  0.10996E-01  0.00000E+00  0.10996E-01  0.10857E+00
   28    1    10.0   350.0  0.12814E-01  0.00000E+00  0.12814E-01  0.14080E+00
   28    2   350.0   500.0  0.83611E-02  0.00000E+00  0.83611E-02  0.92903E-01
   28    3   500.0   630.0  0.13114E-01  0.00000E+00  0.13114E-01  0.14409E+00
   28    4   630.0   700.0  0.14082E-01  0.00000E+00  0.14082E-01  0.15418E+00
   28    5   700.0   820.0  0.14510E-01  0.00000E+00  0.14510E-01  0.15856E+00
   28    6   820.0   980.0  0.13189E-01  0.00000E+00  0.13189E-01  0.14452E+00
   28    7   980.0  1080.0  0.11447E-01  0.00000E+00  0.11447E-01  0.12628E+00
   28    8  1080.0  1180.0  0.11719E-01  0.00000E+00  0.11719E-01  0.12924E+00
   28    9  1180.0  1390.0  0.12053E-01  0.00000E+00  0.12053E-01  0.13277E+00
   28   10  1390.0  1480.0  0.12572E-01  0.00000E+00  0.12572E-01  0.13825E+00
   28   11  1480.0  1800.0  0.12358E-01  0.00000E+00  0.12358E-01  0.13585E+00
   28   12  1800.0  2080.0  0.95006E-02  0.00000E+00  0.95006E-02  0.10521E+00
   28   13  2080.0  2250.0  0.11484E-01  0.00000E+00  0.11484E-01  0.12659E+00
   28   14  2250.0  2380.0  0.11402E-01  0.00000E+00  0.11402E-01  0.12571E+00
   28   15  2380.0  2600.0  0.98988E-02  0.00000E+00  0.98988E-02  0.10954E+00
   28   16  2600.0  3250.0  0.10850E-01  0.00000E+00  0.10850E-01  0.11942E+00
   29    1    10.0   350.0  0.12316E-01  0.00000E+00  0.12316E-01  0.15311E+00
   29    2   350.0   500.0  0.80261E-02  0.00000E+00  0.80261E-02  0.10093E+00
   29    3   500.0   630.0  0.12604E-01  0.00000E+00  0.12604E-01  0.15670E+00
   29    4   630.0   700.0  0.13541E-01  0.00000E+00  0.13541E-01  0.16772E+00
   29    5   700.0   820.0  0.13955E-01  0.00000E+00  0.13955E-01  0.17251E+00
   29    6   820.0   980.0  0.12681E-01  0.00000E+00  0.12681E-01  0.15720E+00
   29    7   980.0  1080.0  0.10997E-01  0.00000E+00  0.10997E-01  0.13727E+00
   29    8  1080.0  1180.0  0.11259E-01  0.00000E+00  0.11259E-01  0.14049E+00
   29    9  1180.0  1390.0  0.11582E-01  0.00000E+00  0.11582E-01  0.14435E+00
   29   10  1390.0  1480.0  0.12083E-01  0.00000E+00  0.12083E-01  0.15033E+00
   29   11  1480.0  1800.0  0.11877E-01  0.00000E+00  0.11877E-01  0.14773E+00
   29   12  1800.0  2080.0  0.91235E-02  0.00000E+00  0.91235E-02  0.11433E+00
   29   13  2080.0  2250.0  0.11034E-01  0.00000E+00  0.11034E-01  0.13763E+00
   29   14  2250.0  2380.0  0.10955E-01  0.00000E+00  0.10955E-01  0.13666E+00
   29   15  2380.0  2600.0  0.95066E-02  0.00000E+00  0.95066E-02  0.11905E+00
   29   16  2600.0  3250.0  0.10426E-01  0.00000E+00  0.10426E-01  0.12984E+00
   30    1    10.0   350.0  0.11554E-01  0.00000E+00  0.11554E-01  0.16467E+00
   30    2   350.0   500.0  0.75133E-02  0.00000E+00  0.75133E-02  0.10844E+00
   30    3   500.0   630.0  0.11824E-01  0.00000E+00  0.11824E-01  0.16852E+00
   30    4   630.0   700.0  0.12711E-01  0.00000E+00  0.12711E-01  0.18043E+00
   30    5   700.0   820.0  0.13105E-01  0.00000E+00  0.13105E-01  0.18562E+00
   30    6   820.0   980.0  0.11902E-01  0.00000E+00  0.11902E-01  0.16910E+00
   30    7   980.0  1080.0  0.10309E-01  0.00000E+00  0.10309E-01  0.14758E+00
   30    8  1080.0  1180.0  0.10554E-01  0.00000E+00  0.10554E-01  0.15105E+00
   30    9  1180.0  1390.0  0.10860E-01  0.00000E+00  0.10860E-01  0.15521E+00
   30   10  1390.0  1480.0  0.11333E-01  0.00000E+00  0.11333E-01  0.16166E+00
   30   11  1480.0  1800.0  0.11141E-01  0.00000E+00  0.11141E-01  0.15887E+00
   30   12  1800.0  2080.0  0.85459E-02  0.00000E+00  0.85459E-02  0.12288E+00
   30   13  2080.0  2250.0  0.10344E-01  0.00000E+00  0.10344E-01  0.14797E+00
   30   14  2250.0  2380.0  0.10270E-01  0.00000E+00  0.10270E-01  0.14693E+00
   30   15  2380.0  2600.0  0.89060E-02  0.00000E+00  0.89060E-02  0.12795E+00
   30   16  2600.0  3250.0  0.97774E-02  0.00000E+00  0.97774E-02  0.13962E+00
   31    1    10.0   350.0  0.10217E-01  0.00000E+00  0.10217E-01  0.17488E+00
   31    2   350.0   500.0  0.66253E-02  0.00000E+00  0.66253E-02  0.11507E+00
   31    3   500.0   630.0  0.10456E-01  0.00000E+00  0.10456E-01  0.17898E+00
   31    4   630.0   700.0  0.11250E-01  0.00000E+00  0.11250E-01  0.19168E+00
   31    5   700.0   820.0  0.11605E-01  0.00000E+00  0.11605E-01  0.19722E+00
   31    6   820.0   980.0  0.10532E-01  0.00000E+00  0.10532E-01  0.17963E+00
   31    7   980.0  1080.0  0.91070E-02  0.00000E+00  0.91070E-02  0.15669E+00
   31    8  1080.0  1180.0  0.93246E-02  0.00000E+00  0.93246E-02  0.16037E+00
   31    9  1180.0  1390.0  0.95973E-02  0.00000E+00  0.95973E-02  0.16481E+00
   31   10  1390.0  1480.0  0.10020E-01  0.00000E+00  0.10020E-01  0.17168E+00
   31   11  1480.0  1800.0  0.98507E-02  0.00000E+00  0.98507E-02  0.16872E+00
   31   12  1800.0  2080.0  0.75424E-02  0.00000E+00  0.75424E-02  0.13042E+00
   31   13  2080.0  2250.0  0.91399E-02  0.00000E+00  0.91399E-02  0.15711E+00
   31   14  2250.0  2380.0  0.90738E-02  0.00000E+00  0.90738E-02  0.15600E+00
   31   15  2380.0  2600.0  0.78615E-02  0.00000E+00  0.78615E-02  0.13582E+00
   31   16  2600.0  3250.0  0.86424E-02  0.00000E+00  0.86424E-02  0.14826E+00
   32    1    10.0   350.0  0.10171E-01  0.00000E+00  0.10171E-01  0.18506E+00
   32    2   350.0   500.0  0.65777E-02  0.00000E+00  0.65777E-02  0.12165E+00
   32    3   500.0   630.0  0.10408E-01  0.00000E+00  0.10408E-01  0.18938E+00
   32    4   630.0   700.0  0.11209E-01  0.00000E+00  0.11209E-01  0.20289E+00
   32    5   700.0   820.0  0.11568E-01  0.00000E+00  0.11568E-01  0.20879E+00
   32    6   820.0   980.0  0.10492E-01  0.00000E+00  0.10492E-01  0.19013E+00
   32    7   980.0  1080.0  0.90569E-02  0.00000E+00  0.90569E-02  0.16575E+00
   32    8  1080.0  1180.0  0.92738E-02  0.00000E+00  0.92738E-02  0.16965E+00
   32    9  1180.0  1390.0  0.95479E-02  0.00000E+00  0.95479E-02  0.17435E+00
   32   10  1390.0  1480.0  0.99727E-02  0.00000E+00  0.99727E-02  0.18165E+00
   32   11  1480.0  1800.0  0.98050E-02  0.00000E+00  0.98050E-02  0.17852E+00
   32   12  1800.0  2080.0  0.74942E-02  0.00000E+00  0.74942E-02  0.13791E+00
   32   13  2080.0  2250.0  0.90914E-02  0.00000E+00  0.90914E-02  0.16620E+00
   32   14  2250.0  2380.0  0.90254E-02  0.00000E+00  0.90254E-02  0.16503E+00
   32   15  2380.0  2600.0  0.78126E-02  0.00000E+00  0.78126E-02  0.14363E+00
   32   16  2600.0  3250.0  0.86000E-02  0.00000E+00  0.86000E-02  0.15686E+00
   33    1    10.0   350.0  0.10723E-01  0.00000E+00  0.10723E-01  0.19578E+00
   33    2   350.0   500.0  0.69149E-02  0.00000E+00  0.69149E-02  0.12856E+00
   33    3   500.0   630.0  0.10970E-01  0.00000E+00  0.10970E-01  0.20035E+00
   33    4   630.0   700.0  0.11826E-01  0.00000E+00  0.11826E-01  0.21471E+00
   33    5   700.0   820.0  0.12211E-01  0.00000E+00  0.12211E-01  0.22100E+00
   33    6   820.0   980.0  0.11068E-01  0.00000E+00  0.11068E-01  0.20119E+00
   33    7   980.0  1080.0  0.95375E-02  0.00000E+00  0.95375E-02  0.17528E+00
   33    8  1080.0  1180.0  0.97661E-02  0.00000E+00  0.97661E-02  0.17941E+00
   33    9  1180.0  1390.0  0.10058E-01  0.00000E+00  0.10058E-01  0.18441E+00
   33   10  1390.0  1480.0  0.10510E-01  0.00000E+00  0.10510E-01  0.19217E+00
   33   11  1480.0  1800.0  0.10335E-01  0.00000E+00  0.10335E-01  0.18886E+00
   33   12  1800.0  2080.0  0.78848E-02  0.00000E+00  0.78848E-02  0.14580E+00
   33   13  2080.0  2250.0  0.95757E-02  0.00000E+00  0.95757E-02  0.17578E+00
   33   14  2250.0  2380.0  0.95059E-02  0.00000E+00  0.95059E-02  0.17453E+00
   33   15  2380.0  2600.0  0.82211E-02  0.00000E+00  0.82211E-02  0.15185E+00
   33   16  2600.0  3250.0  0.90622E-02  0.00000E+00  0.90622E-02  0.16593E+00
   34    1    10.0   350.0  0.10838E-01  0.00000E+00  0.10838E-01  0.20662E+00
   34    2   350.0   500.0  0.69737E-02  0.00000E+00  0.69737E-02  0.13553E+00
   34    3   500.0   630.0  0.11085E-01  0.00000E+00  0.11085E-01  0.21144E+00
   34    4   630.0   700.0  0.11959E-01  0.00000E+00  0.11959E-01  0.22667E+00
   34    5   700.0   820.0  0.12353E-01  0.00000E+00  0.12353E-01  0.23335E+00
   34    6   820.0   980.0  0.11192E-01  0.00000E+00  0.11192E-01  0.21239E+00
   34    7   980.0  1080.0  0.96311E-02  0.00000E+00  0.96311E-02  0.18492E+00
   34    8  1080.0  1180.0  0.98621E-02  0.00000E+00  0.98621E-02  0.18928E+00
   34    9  1180.0  1390.0  0.10159E-01  0.00000E+00  0.10159E-01  0.19457E+00
   34   10  1390.0  1480.0  0.10620E-01  0.00000E+00  0.10620E-01  0.20279E+00
   34   11  1480.0  1800.0  0.10443E-01  0.00000E+00  0.10443E-01  0.19930E+00
   34   12  1800.0  2080.0  0.79567E-02  0.00000E+00  0.79567E-02  0.15376E+00
   34   13  2080.0  2250.0  0.96711E-02  0.00000E+00  0.96711E-02  0.18545E+00
   34   14  2250.0  2380.0  0.96004E-02  0.00000E+00  0.96004E-02  0.18414E+00
   34   15  2380.0  2600.0  0.82972E-02  0.00000E+00  0.82972E-02  0.16015E+00
   34   16  2600.0  3250.0  0.91557E-02  0.00000E+00  0.91557E-02  0.17508E+00
   35    1    10.0   350.0  0.10198E-01  0.00000E+00  0.10198E-01  0.21681E+00
   35    2   350.0   500.0  0.65455E-02  0.00000E+00  0.65455E-02  0.14208E+00
   35    3   500.0   630.0  0.10429E-01  0.00000E+00  0.10429E-01  0.22187E+00
   35    4   630.0   700.0  0.11260E-01  0.00000E+00  0.11260E-01  0.23793E+00
   35    5   700.0   820.0  0.11637E-01  0.00000E+00  0.11637E-01  0.24499E+00
   35    6   820.0   980.0  0.10537E-01  0.00000E+00  0.10537E-01  0.22292E+00
   35    7   980.0  1080.0  0.90534E-02  0.00000E+00  0.90534E-02  0.19397E+00
   35    8  1080.0  1180.0  0.92707E-02  0.00000E+00  0.92707E-02  0.19855E+00
   35    9  1180.0  1390.0  0.95531E-02  0.00000E+00  0.95531E-02  0.20412E+00
   35   10  1390.0  1480.0  0.99901E-02  0.00000E+00  0.99901E-02  0.21278E+00
   35   11  1480.0  1800.0  0.98245E-02  0.00000E+00  0.98245E-02  0.20913E+00
   35   12  1800.0  2080.0  0.74736E-02  0.00000E+00  0.74736E-02  0.16123E+00
   35   13  2080.0  2250.0  0.90927E-02  0.00000E+00  0.90927E-02  0.19454E+00
   35   14  2250.0  2380.0  0.90260E-02  0.00000E+00  0.90260E-02  0.19316E+00
   35   15  2380.0  2600.0  0.77946E-02  0.00000E+00  0.77946E-02  0.16794E+00
   35   16  2600.0  3250.0  0.86115E-02  0.00000E+00  0.86115E-02  0.18369E+00
   36    1    10.0   350.0  0.86904E-02  0.00000E+00  0.86904E-02  0.22550E+00
   36    2   350.0   500.0  0.55608E-02  0.00000E+00  0.55608E-02  0.14764E+00
   36    3   500.0   630.0  0.88849E-02  0.00000E+00  0.88849E-02  0.23075E+00
   36    4   630.0   700.0  0.96027E-02  0.00000E+00  0.96027E-02  0.24753E+00
   36    5   700.0   820.0  0.99302E-02  0.00000E+00  0.99302E-02  0.25492E+00
   36    6   820.0   980.0  0.89852E-02  0.00000E+00  0.89852E-02  0.23191E+00
   36    7   980.0  1080.0  0.77056E-02  0.00000E+00  0.77056E-02  0.20167E+00
   36    8  1080.0  1180.0  0.78907E-02  0.00000E+00  0.78907E-02  0.20644E+00
   36    9  1180.0  1390.0  0.81339E-02  0.00000E+00  0.81339E-02  0.21226E+00
   36   10  1390.0  1480.0  0.85101E-02  0.00000E+00  0.85101E-02  0.22129E+00
   36   11  1480.0  1800.0  0.83699E-02  0.00000E+00  0.83699E-02  0.21750E+00
   36   12  1800.0  2080.0  0.63549E-02  0.00000E+00  0.63549E-02  0.16758E+00
   36   13  2080.0  2250.0  0.77407E-02  0.00000E+00  0.77407E-02  0.20228E+00
   36   14  2250.0  2380.0  0.76837E-02  0.00000E+00  0.76837E-02  0.20084E+00
   36   15  2380.0  2600.0  0.66290E-02  0.00000E+00  0.66290E-02  0.17457E+00
   36   16  2600.0  3250.0  0.73346E-02  0.00000E+00  0.73346E-02  0.19103E+00
   37    1    10.0   350.0  0.73158E-02  0.00000E+00  0.73158E-02  0.23282E+00
   37    2   350.0   500.0  0.46671E-02  0.00000E+00  0.46671E-02  0.15231E+00
   37    3   500.0   630.0  0.74777E-02  0.00000E+00  0.74777E-02  0.23823E+00
   37    4   630.0   700.0  0.80900E-02  0.00000E+00  0.80900E-02  0.25562E+00
   37    5   700.0   820.0  0.83706E-02  0.00000E+00  0.83706E-02  0.26329E+00
   37    6   820.0   980.0  0.75688E-02  0.00000E+00  0.75688E-02  0.23948E+00
   37    7   980.0  1080.0  0.64790E-02  0.00000E+00  0.64790E-02  0.20815E+00
   37    8  1080.0  1180.0  0.66348E-02  0.00000E+00  0.66348E-02  0.21307E+00
   37    9  1180.0  1390.0  0.68416E-02  0.00000E+00  0.68416E-02  0.21910E+00
   37   10  1390.0  1480.0  0.71614E-02  0.00000E+00  0.71614E-02  0.22845E+00
   37   11  1480.0  1800.0  0.70441E-02  0.00000E+00  0.70441E-02  0.22454E+00
   37   12  1800.0  2080.0  0.53382E-02  0.00000E+00  0.53382E-02  0.17292E+00
   37   13  2080.0  2250.0  0.65098E-02  0.00000E+00  0.65098E-02  0.20879E+00
   37   14  2250.0  2380.0  0.64617E-02  0.00000E+00  0.64617E-02  0.20731E+00
   37   15  2380.0  2600.0  0.55695E-02  0.00000E+00  0.55695E-02  0.18014E+00
   37   16  2600.0  3250.0  0.61712E-02  0.00000E+00  0.61712E-02  0.19720E+00
   38    1    10.0   350.0  0.54612E-02  0.00000E+00  0.54612E-02  0.23828E+00
   38    2   350.0   500.0  0.34768E-02  0.00000E+00  0.34768E-02  0.15578E+00
   38    3   500.0   630.0  0.55812E-02  0.00000E+00  0.55812E-02  0.24381E+00
   38    4   630.0   700.0  0.60423E-02  0.00000E+00  0.60423E-02  0.26167E+00
   38    5   700.0   820.0  0.62544E-02  0.00000E+00  0.62544E-02  0.26955E+00
   38    6   820.0   980.0  0.56527E-02  0.00000E+00  0.56527E-02  0.24513E+00
   38    7   980.0  1080.0  0.48326E-02  0.00000E+00  0.48326E-02  0.21299E+00
   38    8  1080.0  1180.0  0.49489E-02  0.00000E+00  0.49489E-02  0.21802E+00
   38    9  1180.0  1390.0  0.51044E-02  0.00000E+00  0.51044E-02  0.22420E+00
   38   10  1390.0  1480.0  0.53447E-02  0.00000E+00  0.53447E-02  0.23379E+00
   38   11  1480.0  1800.0  0.52575E-02  0.00000E+00  0.52575E-02  0.22980E+00
   38   12  1800.0  2080.0  0.39791E-02  0.00000E+00  0.39791E-02  0.17690E+00
   38   13  2080.0  2250.0  0.48563E-02  0.00000E+00  0.48563E-02  0.21365E+00
   38   14  2250.0  2380.0  0.48203E-02  0.00000E+00  0.48203E-02  0.21213E+00
   38   15  2380.0  2600.0  0.41520E-02  0.00000E+00  0.41520E-02  0.18429E+00
   38   16  2600.0  3250.0  0.46052E-02  0.00000E+00  0.46052E-02  0.20180E+00
   39    1    10.0   350.0  0.37106E-02  0.00000E+00  0.37106E-02  0.24199E+00
   39    2   350.0   500.0  0.23582E-02  0.00000E+00  0.23582E-02  0.15814E+00
   39    3   500.0   630.0  0.37916E-02  0.00000E+00  0.37916E-02  0.24760E+00
   39    4   630.0   700.0  0.41072E-02  0.00000E+00  0.41072E-02  0.26577E+00
   39    5   700.0   820.0  0.42527E-02  0.00000E+00  0.42527E-02  0.27380E+00
   39    6   820.0   980.0  0.38421E-02  0.00000E+00  0.38421E-02  0.24897E+00
   39    7   980.0  1080.0  0.32812E-02  0.00000E+00  0.32812E-02  0.21627E+00
   39    8  1080.0  1180.0  0.33603E-02  0.00000E+00  0.33603E-02  0.22138E+00
   39    9  1180.0  1390.0  0.34665E-02  0.00000E+00  0.34665E-02  0.22767E+00
   39   10  1390.0  1480.0  0.36307E-02  0.00000E+00  0.36307E-02  0.23742E+00
   39   11  1480.0  1800.0  0.35717E-02  0.00000E+00  0.35717E-02  0.23337E+00
   39   12  1800.0  2080.0  0.27003E-02  0.00000E+00  0.27003E-02  0.17960E+00
   39   13  2080.0  2250.0  0.32977E-02  0.00000E+00  0.32977E-02  0.21695E+00
   39   14  2250.0  2380.0  0.32732E-02  0.00000E+00  0.32732E-02  0.21540E+00
   39   15  2380.0  2600.0  0.28179E-02  0.00000E+00  0.28179E-02  0.18711E+00
   39   16  2600.0  3250.0  0.31281E-02  0.00000E+00  0.31281E-02  0.20493E+00
   40    1    10.0   350.0  0.25051E-02  0.00000E+00  0.25051E-02  0.24450E+00
   40    2   350.0   500.0  0.15878E-02  0.00000E+00  0.15878E-02  0.15973E+00
   40    3   500.0   630.0  0.25592E-02  0.00000E+00  0.25592E-02  0.25016E+00
   40    4   630.0   700.0  0.27747E-02  0.00000E+00  0.27747E-02  0.26855E+00
   40    5   700.0   820.0  0.28744E-02  0.00000E+00  0.28744E-02  0.27667E+00
   40    6   820.0   980.0  0.25953E-02  0.00000E+00  0.25953E-02  0.25157E+00
   40    7   980.0  1080.0  0.22128E-02  0.00000E+00  0.22128E-02  0.21848E+00
   40    8  1080.0  1180.0  0.22662E-02  0.00000E+00  0.22662E-02  0.22365E+00
   40    9  1180.0  1390.0  0.23386E-02  0.00000E+00  0.23386E-02  0.23001E+00
   40   10  1390.0  1480.0  0.24504E-02  0.00000E+00  0.24504E-02  0.23987E+00
   40   11  1480.0  1800.0  0.24107E-02  0.00000E+00  0.24107E-02  0.23578E+00
   40   12  1800.0  2080.0  0.18195E-02  0.00000E+00  0.18195E-02  0.18142E+00
   40   13  2080.0  2250.0  0.22244E-02  0.00000E+00  0.22244E-02  0.21917E+00
   40   14  2250.0  2380.0  0.22078E-02  0.00000E+00  0.22078E-02  0.21761E+00
   40   15  2380.0  2600.0  0.18991E-02  0.00000E+00  0.18991E-02  0.18901E+00
   40   16  2600.0  3250.0  0.21108E-02  0.00000E+00  0.21108E-02  0.20704E+00
   41    1    10.0   350.0  0.18232E-02  0.00000E+00  0.18232E-02  0.24632E+00
   41    2   350.0   500.0  0.11522E-02  0.00000E+00  0.11522E-02  0.16088E+00
   41    3   500.0   630.0  0.18621E-02  0.00000E+00  0.18621E-02  0.25203E+00
   41    4   630.0   700.0  0.20209E-02  0.00000E+00  0.20209E-02  0.27057E+00
   41    5   700.0   820.0  0.20947E-02  0.00000E+00  0.20947E-02  0.27877E+00
   41    6   820.0   980.0  0.18901E-02  0.00000E+00  0.18901E-02  0.25346E+00
   41    7   980.0  1080.0  0.16086E-02  0.00000E+00  0.16086E-02  0.22009E+00
   41    8  1080.0  1180.0  0.16474E-02  0.00000E+00  0.16474E-02  0.22529E+00
   41    9  1180.0  1390.0  0.17006E-02  0.00000E+00  0.17006E-02  0.23171E+00
   41   10  1390.0  1480.0  0.17828E-02  0.00000E+00  0.17828E-02  0.24166E+00
   41   11  1480.0  1800.0  0.17541E-02  0.00000E+00  0.17541E-02  0.23753E+00
   41   12  1800.0  2080.0  0.13214E-02  0.00000E+00  0.13214E-02  0.18274E+00
   41   13  2080.0  2250.0  0.16173E-02  0.00000E+00  0.16173E-02  0.22079E+00
   41   14  2250.0  2380.0  0.16052E-02  0.00000E+00  0.16052E-02  0.21921E+00
   41   15  2380.0  2600.0  0.13795E-02  0.00000E+00  0.13795E-02  0.19039E+00
   41   16  2600.0  3250.0  0.15355E-02  0.00000E+00  0.15355E-02  0.20858E+00
   42    1    10.0   350.0  0.16016E-02  0.00000E+00  0.16016E-02  0.24792E+00
   42    2   350.0   500.0  0.10105E-02  0.00000E+00  0.10105E-02  0.16189E+00
   42    3   500.0   630.0  0.16356E-02  0.00000E+00  0.16356E-02  0.25366E+00
   42    4   630.0   700.0  0.17760E-02  0.00000E+00  0.17760E-02  0.27234E+00
   42    5   700.0   820.0  0.18414E-02  0.00000E+00  0.18414E-02  0.28061E+00
   42    6   820.0   980.0  0.16610E-02  0.00000E+00  0.16610E-02  0.25512E+00
   42    7   980.0  1080.0  0.14122E-02  0.00000E+00  0.14122E-02  0.22150E+00
   42    8  1080.0  1180.0  0.14463E-02  0.00000E+00  0.14463E-02  0.22674E+00
   42    9  1180.0  1390.0  0.14933E-02  0.00000E+00  0.14933E-02  0.23320E+00
   42   10  1390.0  1480.0  0.15658E-02  0.00000E+00  0.15658E-02  0.24322E+00
   42   11  1480.0  1800.0  0.15407E-02  0.00000E+00  0.15407E-02  0.23907E+00
   42   12  1800.0  2080.0  0.11595E-02  0.00000E+00  0.11595E-02  0.18390E+00
   42   13  2080.0  2250.0  0.14200E-02  0.00000E+00  0.14200E-02  0.22221E+00
   42   14  2250.0  2380.0  0.14094E-02  0.00000E+00  0.14094E-02  0.22062E+00
   42   15  2380.0  2600.0  0.12105E-02  0.00000E+00  0.12105E-02  0.19160E+00
   42   16  2600.0  3250.0  0.13485E-02  0.00000E+00  0.13485E-02  0.20993E+00
   43    1    10.0   350.0  0.14862E-02  0.00000E+00  0.14862E-02  0.24941E+00
   43    2   350.0   500.0  0.93501E-03  0.00000E+00  0.93501E-03  0.16283E+00
   43    3   500.0   630.0  0.15172E-02  0.00000E+00  0.15172E-02  0.25518E+00
   43    4   630.0   700.0  0.16491E-02  0.00000E+00  0.16491E-02  0.27399E+00
   43    5   700.0   820.0  0.17108E-02  0.00000E+00  0.17108E-02  0.28232E+00
   43    6   820.0   980.0  0.15422E-02  0.00000E+00  0.15422E-02  0.25666E+00
   43    7   980.0  1080.0  0.13089E-02  0.00000E+00  0.13089E-02  0.22281E+00
   43    8  1080.0  1180.0  0.13405E-02  0.00000E+00  0.13405E-02  0.22808E+00
   43    9  1180.0  1390.0  0.13845E-02  0.00000E+00  0.13845E-02  0.23459E+00
   43   10  1390.0  1480.0  0.14524E-02  0.00000E+00  0.14524E-02  0.24467E+00
   43   11  1480.0  1800.0  0.14293E-02  0.00000E+00  0.14293E-02  0.24050E+00
   43   12  1800.0  2080.0  0.10738E-02  0.00000E+00  0.10738E-02  0.18498E+00
   43   13  2080.0  2250.0  0.13164E-02  0.00000E+00  0.13164E-02  0.22352E+00
   43   14  2250.0  2380.0  0.13065E-02  0.00000E+00  0.13065E-02  0.22193E+00
   43   15  2380.0  2600.0  0.11212E-02  0.00000E+00  0.11212E-02  0.19272E+00
   43   16  2600.0  3250.0  0.12507E-02  0.00000E+00  0.12507E-02  0.21118E+00
   44    1    10.0   350.0  0.14206E-02  0.00000E+00  0.14206E-02  0.25083E+00
   44    2   350.0   500.0  0.89117E-03  0.00000E+00  0.89117E-03  0.16372E+00
   44    3   500.0   630.0  0.14497E-02  0.00000E+00  0.14497E-02  0.25663E+00
   44    4   630.0   700.0  0.15773E-02  0.00000E+00  0.15773E-02  0.27557E+00
   44    5   700.0   820.0  0.16372E-02  0.00000E+00  0.16372E-02  0.28396E+00
   44    6   820.0   980.0  0.14750E-02  0.00000E+00  0.14750E-02  0.25814E+00
   44    7   980.0  1080.0  0.12496E-02  0.00000E+00  0.12496E-02  0.22406E+00
   44    8  1080.0  1180.0  0.12797E-02  0.00000E+00  0.12797E-02  0.22936E+00
   44    9  1180.0  1390.0  0.13222E-02  0.00000E+00  0.13222E-02  0.23591E+00
   44   10  1390.0  1480.0  0.13877E-02  0.00000E+00  0.13877E-02  0.24606E+00
   44   11  1480.0  1800.0  0.13658E-02  0.00000E+00  0.13658E-02  0.24187E+00
   44   12  1800.0  2080.0  0.10243E-02  0.00000E+00  0.10243E-02  0.18600E+00
   44   13  2080.0  2250.0  0.12571E-02  0.00000E+00  0.12571E-02  0.22478E+00
   44   14  2250.0  2380.0  0.12476E-02  0.00000E+00  0.12476E-02  0.22318E+00
   44   15  2380.0  2600.0  0.10697E-02  0.00000E+00  0.10697E-02  0.19379E+00
   44   16  2600.0  3250.0  0.11949E-02  0.00000E+00  0.11949E-02  0.21237E+00
   45    1    10.0   350.0  0.12543E-02  0.00000E+00  0.12543E-02  0.25208E+00
   45    2   350.0   500.0  0.78327E-03  0.00000E+00  0.78327E-03  0.16450E+00
   45    3   500.0   630.0  0.12792E-02  0.00000E+00  0.12792E-02  0.25791E+00
   45    4   630.0   700.0  0.13939E-02  0.00000E+00  0.13939E-02  0.27697E+00
   45    5   700.0   820.0  0.14482E-02  0.00000E+00  0.14482E-02  0.28541E+00
   45    6   820.0   980.0  0.13034E-02  0.00000E+00  0.13034E-02  0.25944E+00
   45    7   980.0  1080.0  0.11011E-02  0.00000E+00  0.11011E-02  0.22516E+00
   45    8  1080.0  1180.0  0.11276E-02  0.00000E+00  0.11276E-02  0.23049E+00
   45    9  1180.0  1390.0  0.11657E-02  0.00000E+00  0.11657E-02  0.23708E+00
   45   10  1390.0  1480.0  0.12244E-02  0.00000E+00  0.12244E-02  0.24729E+00
   45   11  1480.0  1800.0  0.12052E-02  0.00000E+00  0.12052E-02  0.24308E+00
   45   12  1800.0  2080.0  0.90139E-03  0.00000E+00  0.90139E-03  0.18690E+00
   45   13  2080.0  2250.0  0.11081E-02  0.00000E+00  0.11081E-02  0.22589E+00
   45   14  2250.0  2380.0  0.10997E-02  0.00000E+00  0.10997E-02  0.22428E+00
   45   15  2380.0  2600.0  0.94161E-03  0.00000E+00  0.94161E-03  0.19473E+00
   45   16  2600.0  3250.0  0.10542E-02  0.00000E+00  0.10542E-02  0.21343E+00
   46    1    10.0   350.0  0.11839E-02  0.00000E+00  0.11839E-02  0.25327E+00
   46    2   350.0   500.0  0.73614E-03  0.00000E+00  0.73614E-03  0.16524E+00
   46    3   500.0   630.0  0.12067E-02  0.00000E+00  0.12067E-02  0.25911E+00
   46    4   630.0   700.0  0.13170E-02  0.00000E+00  0.13170E-02  0.27828E+00
   46    5   700.0   820.0  0.13694E-02  0.00000E+00  0.13694E-02  0.28677E+00
   46    6   820.0   980.0  0.12314E-02  0.00000E+00  0.12314E-02  0.26067E+00
   46    7   980.0  1080.0  0.10374E-02  0.00000E+00  0.10374E-02  0.22620E+00
   46    8  1080.0  1180.0  0.10624E-02  0.00000E+00  0.10624E-02  0.23155E+00
   46    9  1180.0  1390.0  0.10989E-02  0.00000E+00  0.10989E-02  0.23817E+00
   46   10  1390.0  1480.0  0.11550E-02  0.00000E+00  0.11550E-02  0.24844E+00
   46   11  1480.0  1800.0  0.11371E-02  0.00000E+00  0.11371E-02  0.24421E+00
   46   12  1800.0  2080.0  0.84820E-03  0.00000E+00  0.84820E-03  0.18775E+00
   46   13  2080.0  2250.0  0.10444E-02  0.00000E+00  0.10444E-02  0.22693E+00
   46   14  2250.0  2380.0  0.10364E-02  0.00000E+00  0.10364E-02  0.22531E+00
   46   15  2380.0  2600.0  0.88627E-03  0.00000E+00  0.88627E-03  0.19562E+00
   46   16  2600.0  3250.0  0.99432E-03  0.00000E+00  0.99432E-03  0.21442E+00
   47    1    10.0   350.0  0.11808E-02  0.00000E+00  0.11808E-02  0.25445E+00
   47    2   350.0   500.0  0.73245E-03  0.00000E+00  0.73245E-03  0.16597E+00
   47    3   500.0   630.0  0.12031E-02  0.00000E+00  0.12031E-02  0.26032E+00
   47    4   630.0   700.0  0.13141E-02  0.00000E+00  0.13141E-02  0.27960E+00
   47    5   700.0   820.0  0.13671E-02  0.00000E+00  0.13671E-02  0.28814E+00
   47    6   820.0   980.0  0.12287E-02  0.00000E+00  0.12287E-02  0.26190E+00
   47    7   980.0  1080.0  0.10336E-02  0.00000E+00  0.10336E-02  0.22723E+00
   47    8  1080.0  1180.0  0.10585E-02  0.00000E+00  0.10585E-02  0.23261E+00
   47    9  1180.0  1390.0  0.10952E-02  0.00000E+00  0.10952E-02  0.23927E+00
   47   10  1390.0  1480.0  0.11515E-02  0.00000E+00  0.11515E-02  0.24959E+00
   47   11  1480.0  1800.0  0.11338E-02  0.00000E+00  0.11338E-02  0.24535E+00
   47   12  1800.0  2080.0  0.84451E-03  0.00000E+00  0.84451E-03  0.18860E+00
   47   13  2080.0  2250.0  0.10408E-02  0.00000E+00  0.10408E-02  0.22798E+00
   47   14  2250.0  2380.0  0.10328E-02  0.00000E+00  0.10328E-02  0.22635E+00
   47   15  2380.0  2600.0  0.88253E-03  0.00000E+00  0.88253E-03  0.19650E+00
   47   16  2600.0  3250.0  0.99125E-03  0.00000E+00  0.99125E-03  0.21541E+00
   48    1    10.0   350.0  0.10538E-02  0.00000E+00  0.10538E-02  0.25550E+00
   48    2   350.0   500.0  0.65167E-03  0.00000E+00  0.65167E-03  0.16662E+00
   48    3   500.0   630.0  0.10734E-02  0.00000E+00  0.10734E-02  0.26139E+00
   48    4   630.0   700.0  0.11736E-02  0.00000E+00  0.11736E-02  0.28077E+00
   48    5   700.0   820.0  0.12217E-02  0.00000E+00  0.12217E-02  0.28936E+00
   48    6   820.0   980.0  0.10973E-02  0.00000E+00  0.10973E-02  0.26300E+00
   48    7   980.0  1080.0  0.92128E-03  0.00000E+00  0.92128E-03  0.22815E+00
   48    8  1080.0  1180.0  0.94344E-03  0.00000E+00  0.94344E-03  0.23355E+00
   48    9  1180.0  1390.0  0.97651E-03  0.00000E+00  0.97651E-03  0.24025E+00
   48   10  1390.0  1480.0  0.10273E-02  0.00000E+00  0.10273E-02  0.25062E+00
   48   11  1480.0  1800.0  0.10116E-02  0.00000E+00  0.10116E-02  0.24636E+00
   48   12  1800.0  2080.0  0.75205E-03  0.00000E+00  0.75205E-03  0.18935E+00
   48   13  2080.0  2250.0  0.92789E-03  0.00000E+00  0.92789E-03  0.22890E+00
   48   14  2250.0  2380.0  0.92077E-03  0.00000E+00  0.92077E-03  0.22727E+00
   48   15  2380.0  2600.0  0.78606E-03  0.00000E+00  0.78606E-03  0.19729E+00
   48   16  2600.0  3250.0  0.88423E-03  0.00000E+00  0.88423E-03  0.21630E+00
   49    1    10.0   350.0  0.82519E-03  0.00000E+00  0.82519E-03  0.25633E+00
   49    2   350.0   500.0  0.50824E-03  0.00000E+00  0.50824E-03  0.16713E+00
   49    3   500.0   630.0  0.84001E-03  0.00000E+00  0.84001E-03  0.26223E+00
   49    4   630.0   700.0  0.91971E-03  0.00000E+00  0.91971E-03  0.28169E+00
   49    5   700.0   820.0  0.95816E-03  0.00000E+00  0.95816E-03  0.29032E+00
   49    6   820.0   980.0  0.85988E-03  0.00000E+00  0.85988E-03  0.26386E+00
   49    7   980.0  1080.0  0.72015E-03  0.00000E+00  0.72015E-03  0.22887E+00
   49    8  1080.0  1180.0  0.73746E-03  0.00000E+00  0.73746E-03  0.23429E+00
   49    9  1180.0  1390.0  0.76369E-03  0.00000E+00  0.76369E-03  0.24101E+00
   49   10  1390.0  1480.0  0.80390E-03  0.00000E+00  0.80390E-03  0.25142E+00
   49   11  1480.0  1800.0  0.79175E-03  0.00000E+00  0.79175E-03  0.24715E+00
   49   12  1800.0  2080.0  0.58720E-03  0.00000E+00  0.58720E-03  0.18993E+00
   49   13  2080.0  2250.0  0.72555E-03  0.00000E+00  0.72555E-03  0.22963E+00
   49   14  2250.0  2380.0  0.71997E-03  0.00000E+00  0.71997E-03  0.22799E+00
   49   15  2380.0  2600.0  0.61389E-03  0.00000E+00  0.61389E-03  0.19790E+00
   49   16  2600.0  3250.0  0.69190E-03  0.00000E+00  0.69190E-03  0.21699E+00
   50    1    10.0   350.0  0.60069E-03  0.00000E+00  0.60069E-03  0.25693E+00
   50    2   350.0   500.0  0.36870E-03  0.00000E+00  0.36870E-03  0.16750E+00
   50    3   500.0   630.0  0.61119E-03  0.00000E+00  0.61119E-03  0.26284E+00
   50    4   630.0   700.0  0.66997E-03  0.00000E+00  0.66997E-03  0.28236E+00
   50    5   700.0   820.0  0.69846E-03  0.00000E+00  0.69846E-03  0.29102E+00
   50    6   820.0   980.0  0.62637E-03  0.00000E+00  0.62637E-03  0.26448E+00
   50    7   980.0  1080.0  0.52346E-03  0.00000E+00  0.52346E-03  0.22940E+00
   50    8  1080.0  1180.0  0.53603E-03  0.00000E+00  0.53603E-03  0.23483E+00
   50    9  1180.0  1390.0  0.55533E-03  0.00000E+00  0.55533E-03  0.24156E+00
   50   10  1390.0  1480.0  0.58490E-03  0.00000E+00  0.58490E-03  0.25201E+00
   50   11  1480.0  1800.0  0.57614E-03  0.00000E+00  0.57614E-03  0.24773E+00
   50   12  1800.0  2080.0  0.42640E-03  0.00000E+00  0.42640E-03  0.19036E+00
   50   13  2080.0  2250.0  0.52754E-03  0.00000E+00  0.52754E-03  0.23016E+00
   50   14  2250.0  2380.0  0.52346E-03  0.00000E+00  0.52346E-03  0.22851E+00
   50   15  2380.0  2600.0  0.44587E-03  0.00000E+00  0.44587E-03  0.19835E+00
   50   16  2600.0  3250.0  0.50337E-03  0.00000E+00  0.50337E-03  0.21749E+00
   51    1    10.0   350.0  0.47653E-03  0.00000E+00  0.47653E-03  0.25740E+00
   51    2   350.0   500.0  0.29155E-03  0.00000E+00  0.29155E-03  0.16779E+00
   51    3   500.0   630.0  0.48465E-03  0.00000E+00  0.48465E-03  0.26333E+00
   51    4   630.0   700.0  0.53184E-03  0.00000E+00  0.53184E-03  0.28289E+00
   51    5   700.0   820.0  0.55480E-03  0.00000E+00  0.55480E-03  0.29157E+00
   51    6   820.0   980.0  0.49721E-03  0.00000E+00  0.49721E-03  0.26498E+00
   51    7   980.0  1080.0  0.41470E-03  0.00000E+00  0.41470E-03  0.22981E+00
   51    8  1080.0  1180.0  0.42465E-03  0.00000E+00  0.42465E-03  0.23525E+00
   51    9  1180.0  1390.0  0.44011E-03  0.00000E+00  0.44011E-03  0.24200E+00
   51   10  1390.0  1480.0  0.46378E-03  0.00000E+00  0.46378E-03  0.25247E+00
   51   11  1480.0  1800.0  0.45689E-03  0.00000E+00  0.45689E-03  0.24818E+00
   51   12  1800.0  2080.0  0.33749E-03  0.00000E+00  0.33749E-03  0.19070E+00
   51   13  2080.0  2250.0  0.41803E-03  0.00000E+00  0.41803E-03  0.23057E+00
   51   14  2250.0  2380.0  0.41479E-03  0.00000E+00  0.41479E-03  0.22892E+00
   51   15  2380.0  2600.0  0.35296E-03  0.00000E+00  0.35296E-03  0.19870E+00
   51   16  2600.0  3250.0  0.39910E-03  0.00000E+00  0.39910E-03  0.21789E+00
   52    1    10.0   350.0  0.31393E-03  0.00000E+00  0.31393E-03  0.25772E+00
   52    2   350.0   500.0  0.19146E-03  0.00000E+00  0.19146E-03  0.16798E+00
   52    3   500.0   630.0  0.31912E-03  0.00000E+00  0.31912E-03  0.26365E+00
   52    4   630.0   700.0  0.35059E-03  0.00000E+00  0.35059E-03  0.28324E+00
   52    5   700.0   820.0  0.36596E-03  0.00000E+00  0.36596E-03  0.29194E+00
   52    6   820.0   980.0  0.32776E-03  0.00000E+00  0.32776E-03  0.26531E+00
   52    7   980.0  1080.0  0.27282E-03  0.00000E+00  0.27282E-03  0.23008E+00
   52    8  1080.0  1180.0  0.27935E-03  0.00000E+00  0.27935E-03  0.23553E+00
   52    9  1180.0  1390.0  0.28965E-03  0.00000E+00  0.28965E-03  0.24229E+00
   52   10  1390.0  1480.0  0.30539E-03  0.00000E+00  0.30539E-03  0.25278E+00
   52   11  1480.0  1800.0  0.30089E-03  0.00000E+00  0.30089E-03  0.24848E+00
   52   12  1800.0  2080.0  0.22183E-03  0.00000E+00  0.22183E-03  0.19092E+00
   52   13  2080.0  2250.0  0.27509E-03  0.00000E+00  0.27509E-03  0.23085E+00
   52   14  2250.0  2380.0  0.27295E-03  0.00000E+00  0.27295E-03  0.22920E+00
   52   15  2380.0  2600.0  0.23205E-03  0.00000E+00  0.23205E-03  0.19893E+00
   52   16  2600.0  3250.0  0.26279E-03  0.00000E+00  0.26279E-03  0.21815E+00
   53    1    10.0   350.0  0.14345E-03  0.00000E+00  0.14345E-03  0.25786E+00
   53    2   350.0   500.0  0.87209E-04  0.00000E+00  0.87209E-04  0.16807E+00
   53    3   500.0   630.0  0.14574E-03  0.00000E+00  0.14574E-03  0.26379E+00
   53    4   630.0   700.0  0.16030E-03  0.00000E+00  0.16030E-03  0.28340E+00
   53    5   700.0   820.0  0.16744E-03  0.00000E+00  0.16744E-03  0.29211E+00
   53    6   820.0   980.0  0.14987E-03  0.00000E+00  0.14987E-03  0.26546E+00
   53    7   980.0  1080.0  0.12449E-03  0.00000E+00  0.12449E-03  0.23021E+00
   53    8  1080.0  1180.0  0.12746E-03  0.00000E+00  0.12746E-03  0.23566E+00
   53    9  1180.0  1390.0  0.13222E-03  0.00000E+00  0.13222E-03  0.24243E+00
   53   10  1390.0  1480.0  0.13948E-03  0.00000E+00  0.13948E-03  0.25292E+00
   53   11  1480.0  1800.0  0.13744E-03  0.00000E+00  0.13744E-03  0.24862E+00
   53   12  1800.0  2080.0  0.10114E-03  0.00000E+00  0.10114E-03  0.19102E+00
   53   13  2080.0  2250.0  0.12556E-03  0.00000E+00  0.12556E-03  0.23097E+00
   53   14  2250.0  2380.0  0.12458E-03  0.00000E+00  0.12458E-03  0.22932E+00
   53   15  2380.0  2600.0  0.10581E-03  0.00000E+00  0.10581E-03  0.19904E+00
   53   16  2600.0  3250.0  0.12002E-03  0.00000E+00  0.12002E-03  0.21827E+00
   54    1    10.0   350.0  0.37922E-04  0.00000E+00  0.37922E-04  0.25790E+00
   54    2   350.0   500.0  0.22952E-04  0.00000E+00  0.22952E-04  0.16809E+00
   54    3   500.0   630.0  0.38498E-04  0.00000E+00  0.38498E-04  0.26383E+00
   54    4   630.0   700.0  0.42410E-04  0.00000E+00  0.42410E-04  0.28344E+00
   54    5   700.0   820.0  0.44342E-04  0.00000E+00  0.44342E-04  0.29215E+00
   54    6   820.0   980.0  0.39652E-04  0.00000E+00  0.39652E-04  0.26550E+00
   54    7   980.0  1080.0  0.32843E-04  0.00000E+00  0.32843E-04  0.23024E+00
   54    8  1080.0  1180.0  0.33626E-04  0.00000E+00  0.33626E-04  0.23569E+00
   54    9  1180.0  1390.0  0.34901E-04  0.00000E+00  0.34901E-04  0.24246E+00
   54   10  1390.0  1480.0  0.36845E-04  0.00000E+00  0.36845E-04  0.25295E+00
   54   11  1480.0  1800.0  0.36315E-04  0.00000E+00  0.36315E-04  0.24866E+00
   54   12  1800.0  2080.0  0.26652E-04  0.00000E+00  0.26652E-04  0.19105E+00
   54   13  2080.0  2250.0  0.33141E-04  0.00000E+00  0.33141E-04  0.23101E+00
   54   14  2250.0  2380.0  0.32882E-04  0.00000E+00  0.32882E-04  0.22935E+00
   54   15  2380.0  2600.0  0.27891E-04  0.00000E+00  0.27891E-04  0.19907E+00
   54   16  2600.0  3250.0  0.31706E-04  0.00000E+00  0.31706E-04  0.21831E+00
