NUMANGS:  0
NSTR:  0
  LAY  BAND  WVN1    WVN2     ICE OD       LIQ OD      TOT ABS OD   TOT ABS OD 
                                                                     BY BLOCK  
   16    1    10.0   350.0  0.36167E-03  0.00000E+00  0.36167E-03  0.36167E-03
   16    2   350.0   500.0  0.23675E-03  0.00000E+00  0.23675E-03  0.23675E-03
   16    3   500.0   630.0  0.37015E-03  0.00000E+00  0.37015E-03  0.37015E-03
   16    4   630.0   700.0  0.39707E-03  0.00000E+00  0.39707E-03  0.39707E-03
   16    5   700.0   820.0  0.40892E-03  0.00000E+00  0.40892E-03  0.40892E-03
   16    6   820.0   980.0  0.37198E-03  0.00000E+00  0.37198E-03  0.37198E-03
   16    7   980.0  1080.0  0.32347E-03  0.00000E+00  0.32347E-03  0.32347E-03
   16    8  1080.0  1180.0  0.33112E-03  0.00000E+00  0.33112E-03  0.33112E-03
   16    9  1180.0  1390.0  0.34046E-03  0.00000E+00  0.34046E-03  0.34046E-03
   16   10  1390.0  1480.0  0.35494E-03  0.00000E+00  0.35494E-03  0.35494E-03
   16   11  1480.0  1800.0  0.34886E-03  0.00000E+00  0.34886E-03  0.34886E-03
   16   12  1800.0  2080.0  0.26876E-03  0.00000E+00  0.26876E-03  0.26876E-03
   16   13  2080.0  2250.0  0.32444E-03  0.00000E+00  0.32444E-03  0.32444E-03
   16   14  2250.0  2380.0  0.32213E-03  0.00000E+00  0.32213E-03  0.32213E-03
   16   15  2380.0  2600.0  0.27997E-03  0.00000E+00  0.27997E-03  0.27997E-03
   16   16  2600.0  3250.0  0.30638E-03  0.00000E+00  0.30638E-03  0.30638E-03
   17    1    10.0   350.0  0.14482E-02  0.00000E+00  0.14482E-02  0.18099E-02
   17    2   350.0   500.0  0.94680E-03  0.00000E+00  0.94680E-03  0.11836E-02
   17    3   500.0   630.0  0.14822E-02  0.00000E+00  0.14822E-02  0.18523E-02
   17    4   630.0   700.0  0.15907E-02  0.00000E+00  0.15907E-02  0.19877E-02
   17    5   700.0   820.0  0.16385E-02  0.00000E+00  0.16385E-02  0.20474E-02
   17    6   820.0   980.0  0.14900E-02  0.00000E+00  0.14900E-02  0.18620E-02
   17    7   980.0  1080.0  0.12947E-02  0.00000E+00  0.12947E-02  0.16181E-02
   17    8  1080.0  1180.0  0.13253E-02  0.00000E+00  0.13253E-02  0.16565E-02
   17    9  1180.0  1390.0  0.13629E-02  0.00000E+00  0.13629E-02  0.17034E-02
   17   10  1390.0  1480.0  0.14212E-02  0.00000E+00  0.14212E-02  0.17761E-02
   17   11  1480.0  1800.0  0.13969E-02  0.00000E+00  0.13969E-02  0.17457E-02
   17   12  1800.0  2080.0  0.10752E-02  0.00000E+00  0.10752E-02  0.13440E-02
   17   13  2080.0  2250.0  0.12987E-02  0.00000E+00  0.12987E-02  0.16231E-02
   17   14  2250.0  2380.0  0.12894E-02  0.00000E+00  0.12894E-02  0.16115E-02
   17   15  2380.0  2600.0  0.11202E-02  0.00000E+00  0.11202E-02  0.14001E-02
   17   16  2600.0  3250.0  0.12266E-02  0.00000E+00  0.12266E-02  0.15330E-02
   18    1    10.0   350.0  0.28186E-02  0.00000E+00  0.28186E-02  0.46285E-02
   18    2   350.0   500.0  0.18398E-02  0.00000E+00  0.18398E-02  0.30233E-02
   18    3   500.0   630.0  0.28847E-02  0.00000E+00  0.28847E-02  0.47370E-02
   18    4   630.0   700.0  0.30973E-02  0.00000E+00  0.30973E-02  0.50851E-02
   18    5   700.0   820.0  0.31913E-02  0.00000E+00  0.31913E-02  0.52387E-02
   18    6   820.0   980.0  0.29010E-02  0.00000E+00  0.29010E-02  0.47630E-02
   18    7   980.0  1080.0  0.25183E-02  0.00000E+00  0.25183E-02  0.41364E-02
   18    8  1080.0  1180.0  0.25780E-02  0.00000E+00  0.25780E-02  0.42345E-02
   18    9  1180.0  1390.0  0.26516E-02  0.00000E+00  0.26516E-02  0.43549E-02
   18   10  1390.0  1480.0  0.27656E-02  0.00000E+00  0.27656E-02  0.45417E-02
   18   11  1480.0  1800.0  0.27184E-02  0.00000E+00  0.27184E-02  0.44641E-02
   18   12  1800.0  2080.0  0.20903E-02  0.00000E+00  0.20903E-02  0.34343E-02
   18   13  2080.0  2250.0  0.25263E-02  0.00000E+00  0.25263E-02  0.41494E-02
   18   14  2250.0  2380.0  0.25083E-02  0.00000E+00  0.25083E-02  0.41198E-02
   18   15  2380.0  2600.0  0.21779E-02  0.00000E+00  0.21779E-02  0.35780E-02
   18   16  2600.0  3250.0  0.23867E-02  0.00000E+00  0.23867E-02  0.39197E-02
   19    1    10.0   350.0  0.38152E-02  0.00000E+00  0.38152E-02  0.84437E-02
   19    2   350.0   500.0  0.24869E-02  0.00000E+00  0.24869E-02  0.55102E-02
   19    3   500.0   630.0  0.39046E-02  0.00000E+00  0.39046E-02  0.86416E-02
   19    4   630.0   700.0  0.41943E-02  0.00000E+00  0.41943E-02  0.92794E-02
   19    5   700.0   820.0  0.43226E-02  0.00000E+00  0.43226E-02  0.95613E-02
   19    6   820.0   980.0  0.39281E-02  0.00000E+00  0.39281E-02  0.86910E-02
   19    7   980.0  1080.0  0.34071E-02  0.00000E+00  0.34071E-02  0.75435E-02
   19    8  1080.0  1180.0  0.34880E-02  0.00000E+00  0.34880E-02  0.77225E-02
   19    9  1180.0  1390.0  0.35880E-02  0.00000E+00  0.35880E-02  0.79429E-02
   19   10  1390.0  1480.0  0.37431E-02  0.00000E+00  0.37431E-02  0.82848E-02
   19   11  1480.0  1800.0  0.36794E-02  0.00000E+00  0.36794E-02  0.81435E-02
   19   12  1800.0  2080.0  0.28267E-02  0.00000E+00  0.28267E-02  0.62610E-02
   19   13  2080.0  2250.0  0.34183E-02  0.00000E+00  0.34183E-02  0.75677E-02
   19   14  2250.0  2380.0  0.33938E-02  0.00000E+00  0.33938E-02  0.75136E-02
   19   15  2380.0  2600.0  0.29454E-02  0.00000E+00  0.29454E-02  0.65234E-02
   19   16  2600.0  3250.0  0.32299E-02  0.00000E+00  0.32299E-02  0.71496E-02
   20    1    10.0   350.0  0.31675E-02  0.00000E+00  0.31675E-02  0.11611E-01
   20    2   350.0   500.0  0.20614E-02  0.00000E+00  0.20614E-02  0.75717E-02
   20    3   500.0   630.0  0.32416E-02  0.00000E+00  0.32416E-02  0.11883E-01
   20    4   630.0   700.0  0.34839E-02  0.00000E+00  0.34839E-02  0.12763E-01
   20    5   700.0   820.0  0.35915E-02  0.00000E+00  0.35915E-02  0.13153E-01
   20    6   820.0   980.0  0.32624E-02  0.00000E+00  0.32624E-02  0.11953E-01
   20    7   980.0  1080.0  0.28270E-02  0.00000E+00  0.28270E-02  0.10371E-01
   20    8  1080.0  1180.0  0.28943E-02  0.00000E+00  0.28943E-02  0.10617E-01
   20    9  1180.0  1390.0  0.29778E-02  0.00000E+00  0.29778E-02  0.10921E-01
   20   10  1390.0  1480.0  0.31073E-02  0.00000E+00  0.31073E-02  0.11392E-01
   20   11  1480.0  1800.0  0.30545E-02  0.00000E+00  0.30545E-02  0.11198E-01
   20   12  1800.0  2080.0  0.23442E-02  0.00000E+00  0.23442E-02  0.86052E-02
   20   13  2080.0  2250.0  0.28366E-02  0.00000E+00  0.28366E-02  0.10404E-01
   20   14  2250.0  2380.0  0.28162E-02  0.00000E+00  0.28162E-02  0.10330E-01
   20   15  2380.0  2600.0  0.24429E-02  0.00000E+00  0.24429E-02  0.89662E-02
   20   16  2600.0  3250.0  0.26809E-02  0.00000E+00  0.26809E-02  0.98304E-02
   21    1    10.0   350.0  0.23903E-02  0.00000E+00  0.23903E-02  0.14001E-01
   21    2   350.0   500.0  0.15514E-02  0.00000E+00  0.15514E-02  0.91230E-02
   21    3   500.0   630.0  0.24462E-02  0.00000E+00  0.24462E-02  0.14329E-01
   21    4   630.0   700.0  0.26314E-02  0.00000E+00  0.26314E-02  0.15395E-01
   21    5   700.0   820.0  0.27139E-02  0.00000E+00  0.27139E-02  0.15867E-01
   21    6   820.0   980.0  0.24636E-02  0.00000E+00  0.24636E-02  0.14417E-01
   21    7   980.0  1080.0  0.21313E-02  0.00000E+00  0.21313E-02  0.12502E-01
   21    8  1080.0  1180.0  0.21822E-02  0.00000E+00  0.21822E-02  0.12799E-01
   21    9  1180.0  1390.0  0.22458E-02  0.00000E+00  0.22458E-02  0.13167E-01
   21   10  1390.0  1480.0  0.23444E-02  0.00000E+00  0.23444E-02  0.13736E-01
   21   11  1480.0  1800.0  0.23047E-02  0.00000E+00  0.23047E-02  0.13503E-01
   21   12  1800.0  2080.0  0.17656E-02  0.00000E+00  0.17656E-02  0.10371E-01
   21   13  2080.0  2250.0  0.21389E-02  0.00000E+00  0.21389E-02  0.12543E-01
   21   14  2250.0  2380.0  0.21234E-02  0.00000E+00  0.21234E-02  0.12453E-01
   21   15  2380.0  2600.0  0.18402E-02  0.00000E+00  0.18402E-02  0.10806E-01
   21   16  2600.0  3250.0  0.20222E-02  0.00000E+00  0.20222E-02  0.11853E-01
   22    1    10.0   350.0  0.22956E-02  0.00000E+00  0.22956E-02  0.16297E-01
   22    2   350.0   500.0  0.14863E-02  0.00000E+00  0.14863E-02  0.10609E-01
   22    3   500.0   630.0  0.23492E-02  0.00000E+00  0.23492E-02  0.16679E-01
   22    4   630.0   700.0  0.25290E-02  0.00000E+00  0.25290E-02  0.17924E-01
   22    5   700.0   820.0  0.26094E-02  0.00000E+00  0.26094E-02  0.18476E-01
   22    6   820.0   980.0  0.23674E-02  0.00000E+00  0.23674E-02  0.16784E-01
   22    7   980.0  1080.0  0.20451E-02  0.00000E+00  0.20451E-02  0.14547E-01
   22    8  1080.0  1180.0  0.20940E-02  0.00000E+00  0.20940E-02  0.14893E-01
   22    9  1180.0  1390.0  0.21556E-02  0.00000E+00  0.21556E-02  0.15322E-01
   22   10  1390.0  1480.0  0.22511E-02  0.00000E+00  0.22511E-02  0.15988E-01
   22   11  1480.0  1800.0  0.22132E-02  0.00000E+00  0.22132E-02  0.15716E-01
   22   12  1800.0  2080.0  0.16928E-02  0.00000E+00  0.16928E-02  0.12064E-01
   22   13  2080.0  2250.0  0.20527E-02  0.00000E+00  0.20527E-02  0.14596E-01
   22   14  2250.0  2380.0  0.20378E-02  0.00000E+00  0.20378E-02  0.14491E-01
   22   15  2380.0  2600.0  0.17646E-02  0.00000E+00  0.17646E-02  0.12571E-01
   22   16  2600.0  3250.0  0.19414E-02  0.00000E+00  0.19414E-02  0.13794E-01
   23    1    10.0   350.0  0.22250E-02  0.00000E+00  0.22250E-02  0.18522E-01
   23    2   350.0   500.0  0.14366E-02  0.00000E+00  0.14366E-02  0.12046E-01
   23    3   500.0   630.0  0.22765E-02  0.00000E+00  0.22765E-02  0.18955E-01
   23    4   630.0   700.0  0.24530E-02  0.00000E+00  0.24530E-02  0.20377E-01
   23    5   700.0   820.0  0.25323E-02  0.00000E+00  0.25323E-02  0.21008E-01
   23    6   820.0   980.0  0.22960E-02  0.00000E+00  0.22960E-02  0.19080E-01
   23    7   980.0  1080.0  0.19800E-02  0.00000E+00  0.19800E-02  0.16527E-01
   23    8  1080.0  1180.0  0.20274E-02  0.00000E+00  0.20274E-02  0.16920E-01
   23    9  1180.0  1390.0  0.20877E-02  0.00000E+00  0.20877E-02  0.17410E-01
   23   10  1390.0  1480.0  0.21812E-02  0.00000E+00  0.21812E-02  0.18169E-01
   23   11  1480.0  1800.0  0.21446E-02  0.00000E+00  0.21446E-02  0.17860E-01
   23   12  1800.0  2080.0  0.16375E-02  0.00000E+00  0.16375E-02  0.13701E-01
   23   13  2080.0  2250.0  0.19877E-02  0.00000E+00  0.19877E-02  0.16584E-01
   23   14  2250.0  2380.0  0.19733E-02  0.00000E+00  0.19733E-02  0.16464E-01
   23   15  2380.0  2600.0  0.17072E-02  0.00000E+00  0.17072E-02  0.14278E-01
   23   16  2600.0  3250.0  0.18808E-02  0.00000E+00  0.18808E-02  0.15675E-01
   24    1    10.0   350.0  0.16944E-02  0.00000E+00  0.16944E-02  0.20216E-01
   24    2   350.0   500.0  0.10914E-02  0.00000E+00  0.10914E-02  0.13137E-01
   24    3   500.0   630.0  0.17332E-02  0.00000E+00  0.17332E-02  0.20688E-01
   24    4   630.0   700.0  0.18691E-02  0.00000E+00  0.18691E-02  0.22246E-01
   24    5   700.0   820.0  0.19305E-02  0.00000E+00  0.19305E-02  0.22939E-01
   24    6   820.0   980.0  0.17493E-02  0.00000E+00  0.17493E-02  0.20830E-01
   24    7   980.0  1080.0  0.15064E-02  0.00000E+00  0.15064E-02  0.18033E-01
   24    8  1080.0  1180.0  0.15425E-02  0.00000E+00  0.15425E-02  0.18463E-01
   24    9  1180.0  1390.0  0.15888E-02  0.00000E+00  0.15888E-02  0.18999E-01
   24   10  1390.0  1480.0  0.16605E-02  0.00000E+00  0.16605E-02  0.19829E-01
   24   11  1480.0  1800.0  0.16328E-02  0.00000E+00  0.16328E-02  0.19493E-01
   24   12  1800.0  2080.0  0.12449E-02  0.00000E+00  0.12449E-02  0.14946E-01
   24   13  2080.0  2250.0  0.15125E-02  0.00000E+00  0.15125E-02  0.18096E-01
   24   14  2250.0  2380.0  0.15015E-02  0.00000E+00  0.15015E-02  0.17966E-01
   24   15  2380.0  2600.0  0.12981E-02  0.00000E+00  0.12981E-02  0.15576E-01
   24   16  2600.0  3250.0  0.14317E-02  0.00000E+00  0.14317E-02  0.17106E-01
   25    1    10.0   350.0  0.18817E-02  0.00000E+00  0.18817E-02  0.22098E-01
   25    2   350.0   500.0  0.12081E-02  0.00000E+00  0.12081E-02  0.14345E-01
   25    3   500.0   630.0  0.19244E-02  0.00000E+00  0.19244E-02  0.22613E-01
   25    4   630.0   700.0  0.20775E-02  0.00000E+00  0.20775E-02  0.24323E-01
   25    5   700.0   820.0  0.21470E-02  0.00000E+00  0.21470E-02  0.25086E-01
   25    6   820.0   980.0  0.19441E-02  0.00000E+00  0.19441E-02  0.22774E-01
   25    7   980.0  1080.0  0.16707E-02  0.00000E+00  0.16707E-02  0.19704E-01
   25    8  1080.0  1180.0  0.17108E-02  0.00000E+00  0.17108E-02  0.20174E-01
   25    9  1180.0  1390.0  0.17629E-02  0.00000E+00  0.17629E-02  0.20761E-01
   25   10  1390.0  1480.0  0.18434E-02  0.00000E+00  0.18434E-02  0.21673E-01
   25   11  1480.0  1800.0  0.18128E-02  0.00000E+00  0.18128E-02  0.21306E-01
   25   12  1800.0  2080.0  0.13793E-02  0.00000E+00  0.13793E-02  0.16325E-01
   25   13  2080.0  2250.0  0.16779E-02  0.00000E+00  0.16779E-02  0.19774E-01
   25   14  2250.0  2380.0  0.16656E-02  0.00000E+00  0.16656E-02  0.19631E-01
   25   15  2380.0  2600.0  0.14385E-02  0.00000E+00  0.14385E-02  0.17015E-01
   25   16  2600.0  3250.0  0.15891E-02  0.00000E+00  0.15891E-02  0.18696E-01
   26    1    10.0   350.0  0.22814E-02  0.00000E+00  0.22814E-02  0.24380E-01
   26    2   350.0   500.0  0.14590E-02  0.00000E+00  0.14590E-02  0.15804E-01
   26    3   500.0   630.0  0.23323E-02  0.00000E+00  0.23323E-02  0.24945E-01
   26    4   630.0   700.0  0.25212E-02  0.00000E+00  0.25212E-02  0.26845E-01
   26    5   700.0   820.0  0.26075E-02  0.00000E+00  0.26075E-02  0.27693E-01
   26    6   820.0   980.0  0.23590E-02  0.00000E+00  0.23590E-02  0.25133E-01
   26    7   980.0  1080.0  0.20224E-02  0.00000E+00  0.20224E-02  0.21726E-01
   26    8  1080.0  1180.0  0.20710E-02  0.00000E+00  0.20710E-02  0.22245E-01
   26    9  1180.0  1390.0  0.21349E-02  0.00000E+00  0.21349E-02  0.22896E-01
   26   10  1390.0  1480.0  0.22339E-02  0.00000E+00  0.22339E-02  0.23907E-01
   26   11  1480.0  1800.0  0.21971E-02  0.00000E+00  0.21971E-02  0.23503E-01
   26   12  1800.0  2080.0  0.16676E-02  0.00000E+00  0.16676E-02  0.17993E-01
   26   13  2080.0  2250.0  0.20317E-02  0.00000E+00  0.20317E-02  0.21806E-01
   26   14  2250.0  2380.0  0.20167E-02  0.00000E+00  0.20167E-02  0.21648E-01
   26   15  2380.0  2600.0  0.17396E-02  0.00000E+00  0.17396E-02  0.18754E-01
   26   16  2600.0  3250.0  0.19253E-02  0.00000E+00  0.19253E-02  0.20621E-01
   27    1    10.0   350.0  0.27690E-02  0.00000E+00  0.27690E-02  0.27149E-01
   27    2   350.0   500.0  0.17668E-02  0.00000E+00  0.17668E-02  0.17571E-01
   27    3   500.0   630.0  0.28303E-02  0.00000E+00  0.28303E-02  0.27775E-01
   27    4   630.0   700.0  0.30619E-02  0.00000E+00  0.30619E-02  0.29906E-01
   27    5   700.0   820.0  0.31680E-02  0.00000E+00  0.31680E-02  0.30861E-01
   27    6   820.0   980.0  0.28647E-02  0.00000E+00  0.28647E-02  0.27998E-01
   27    7   980.0  1080.0  0.24524E-02  0.00000E+00  0.24524E-02  0.24179E-01
   27    8  1080.0  1180.0  0.25114E-02  0.00000E+00  0.25114E-02  0.24756E-01
   27    9  1180.0  1390.0  0.25897E-02  0.00000E+00  0.25897E-02  0.25486E-01
   27   10  1390.0  1480.0  0.27106E-02  0.00000E+00  0.27106E-02  0.26617E-01
   27   11  1480.0  1800.0  0.26662E-02  0.00000E+00  0.26662E-02  0.26169E-01
   27   12  1800.0  2080.0  0.20207E-02  0.00000E+00  0.20207E-02  0.20014E-01
   27   13  2080.0  2250.0  0.24641E-02  0.00000E+00  0.24641E-02  0.24270E-01
   27   14  2250.0  2380.0  0.24459E-02  0.00000E+00  0.24459E-02  0.24094E-01
   27   15  2380.0  2600.0  0.21083E-02  0.00000E+00  0.21083E-02  0.20863E-01
   27   16  2600.0  3250.0  0.23359E-02  0.00000E+00  0.23359E-02  0.22957E-01
   28    1    10.0   350.0  0.26843E-02  0.00000E+00  0.26843E-02  0.29833E-01
   28    2   350.0   500.0  0.17089E-02  0.00000E+00  0.17089E-02  0.19280E-01
   28    3   500.0   630.0  0.27433E-02  0.00000E+00  0.27433E-02  0.30519E-01
   28    4   630.0   700.0  0.29699E-02  0.00000E+00  0.29699E-02  0.32876E-01
   28    5   700.0   820.0  0.30742E-02  0.00000E+00  0.30742E-02  0.33935E-01
   28    6   820.0   980.0  0.27784E-02  0.00000E+00  0.27784E-02  0.30776E-01
   28    7   980.0  1080.0  0.23753E-02  0.00000E+00  0.23753E-02  0.26554E-01
   28    8  1080.0  1180.0  0.24325E-02  0.00000E+00  0.24325E-02  0.27189E-01
   28    9  1180.0  1390.0  0.25089E-02  0.00000E+00  0.25089E-02  0.27995E-01
   28   10  1390.0  1480.0  0.26270E-02  0.00000E+00  0.26270E-02  0.29244E-01
   28   11  1480.0  1800.0  0.25842E-02  0.00000E+00  0.25842E-02  0.28754E-01
   28   12  1800.0  2080.0  0.19558E-02  0.00000E+00  0.19558E-02  0.21969E-01
   28   13  2080.0  2250.0  0.23870E-02  0.00000E+00  0.23870E-02  0.26657E-01
   28   14  2250.0  2380.0  0.23693E-02  0.00000E+00  0.23693E-02  0.26463E-01
   28   15  2380.0  2600.0  0.20408E-02  0.00000E+00  0.20408E-02  0.22904E-01
   28   16  2600.0  3250.0  0.22636E-02  0.00000E+00  0.22636E-02  0.25220E-01
   29    1    10.0   350.0  0.22425E-02  0.00000E+00  0.22425E-02  0.32075E-01
   29    2   350.0   500.0  0.14236E-02  0.00000E+00  0.14236E-02  0.20704E-01
   29    3   500.0   630.0  0.22912E-02  0.00000E+00  0.22912E-02  0.32810E-01
   29    4   630.0   700.0  0.24829E-02  0.00000E+00  0.24829E-02  0.35359E-01
   29    5   700.0   820.0  0.25714E-02  0.00000E+00  0.25714E-02  0.36507E-01
   29    6   820.0   980.0  0.23226E-02  0.00000E+00  0.23226E-02  0.33099E-01
   29    7   980.0  1080.0  0.19821E-02  0.00000E+00  0.19821E-02  0.28536E-01
   29    8  1080.0  1180.0  0.20299E-02  0.00000E+00  0.20299E-02  0.29218E-01
   29    9  1180.0  1390.0  0.20943E-02  0.00000E+00  0.20943E-02  0.30089E-01
   29   10  1390.0  1480.0  0.21939E-02  0.00000E+00  0.21939E-02  0.31438E-01
   29   11  1480.0  1800.0  0.21583E-02  0.00000E+00  0.21583E-02  0.30912E-01
   29   12  1800.0  2080.0  0.16306E-02  0.00000E+00  0.16306E-02  0.23600E-01
   29   13  2080.0  2250.0  0.19922E-02  0.00000E+00  0.19922E-02  0.28649E-01
   29   14  2250.0  2380.0  0.19774E-02  0.00000E+00  0.19774E-02  0.28441E-01
   29   15  2380.0  2600.0  0.17017E-02  0.00000E+00  0.17017E-02  0.24605E-01
   29   16  2600.0  3250.0  0.18901E-02  0.00000E+00  0.18901E-02  0.27110E-01
   30    1    10.0   350.0  0.17783E-02  0.00000E+00  0.17783E-02  0.33854E-01
   30    2   350.0   500.0  0.11257E-02  0.00000E+00  0.11257E-02  0.21829E-01
   30    3   500.0   630.0  0.18165E-02  0.00000E+00  0.18165E-02  0.34626E-01
   30    4   630.0   700.0  0.19703E-02  0.00000E+00  0.19703E-02  0.37330E-01
   30    5   700.0   820.0  0.20416E-02  0.00000E+00  0.20416E-02  0.38548E-01
   30    6   820.0   980.0  0.18429E-02  0.00000E+00  0.18429E-02  0.34941E-01
   30    7   980.0  1080.0  0.15700E-02  0.00000E+00  0.15700E-02  0.30106E-01
   30    8  1080.0  1180.0  0.16079E-02  0.00000E+00  0.16079E-02  0.30826E-01
   30    9  1180.0  1390.0  0.16595E-02  0.00000E+00  0.16595E-02  0.31749E-01
   30   10  1390.0  1480.0  0.17392E-02  0.00000E+00  0.17392E-02  0.33177E-01
   30   11  1480.0  1800.0  0.17111E-02  0.00000E+00  0.17111E-02  0.32623E-01
   30   12  1800.0  2080.0  0.12904E-02  0.00000E+00  0.12904E-02  0.24890E-01
   30   13  2080.0  2250.0  0.15784E-02  0.00000E+00  0.15784E-02  0.30227E-01
   30   14  2250.0  2380.0  0.15666E-02  0.00000E+00  0.15666E-02  0.30007E-01
   30   15  2380.0  2600.0  0.13470E-02  0.00000E+00  0.13470E-02  0.25952E-01
   30   16  2600.0  3250.0  0.14981E-02  0.00000E+00  0.14981E-02  0.28608E-01
   31    1    10.0   350.0  0.12671E-02  0.00000E+00  0.12671E-02  0.35121E-01
   31    2   350.0   500.0  0.79961E-03  0.00000E+00  0.79961E-03  0.22629E-01
   31    3   500.0   630.0  0.12940E-02  0.00000E+00  0.12940E-02  0.35920E-01
   31    4   630.0   700.0  0.14050E-02  0.00000E+00  0.14050E-02  0.38735E-01
   31    5   700.0   820.0  0.14567E-02  0.00000E+00  0.14567E-02  0.40005E-01
   31    6   820.0   980.0  0.13140E-02  0.00000E+00  0.13140E-02  0.36255E-01
   31    7   980.0  1080.0  0.11173E-02  0.00000E+00  0.11173E-02  0.31223E-01
   31    8  1080.0  1180.0  0.11443E-02  0.00000E+00  0.11443E-02  0.31971E-01
   31    9  1180.0  1390.0  0.11814E-02  0.00000E+00  0.11814E-02  0.32930E-01
   31   10  1390.0  1480.0  0.12388E-02  0.00000E+00  0.12388E-02  0.34416E-01
   31   11  1480.0  1800.0  0.12189E-02  0.00000E+00  0.12189E-02  0.33842E-01
   31   12  1800.0  2080.0  0.91747E-03  0.00000E+00  0.91747E-03  0.25808E-01
   31   13  2080.0  2250.0  0.11235E-02  0.00000E+00  0.11235E-02  0.31351E-01
   31   14  2250.0  2380.0  0.11151E-02  0.00000E+00  0.11151E-02  0.31122E-01
   31   15  2380.0  2600.0  0.95783E-03  0.00000E+00  0.95783E-03  0.26910E-01
   31   16  2600.0  3250.0  0.10669E-02  0.00000E+00  0.10669E-02  0.29675E-01
   32    1    10.0   350.0  0.11289E-02  0.00000E+00  0.11289E-02  0.36250E-01
   32    2   350.0   500.0  0.71065E-03  0.00000E+00  0.71065E-03  0.23340E-01
   32    3   500.0   630.0  0.11525E-02  0.00000E+00  0.11525E-02  0.37073E-01
   32    4   630.0   700.0  0.12524E-02  0.00000E+00  0.12524E-02  0.39987E-01
   32    5   700.0   820.0  0.12991E-02  0.00000E+00  0.12991E-02  0.41304E-01
   32    6   820.0   980.0  0.11712E-02  0.00000E+00  0.11712E-02  0.37427E-01
   32    7   980.0  1080.0  0.99444E-03  0.00000E+00  0.99444E-03  0.32218E-01
   32    8  1080.0  1180.0  0.10185E-02  0.00000E+00  0.10185E-02  0.32989E-01
   32    9  1180.0  1390.0  0.10518E-02  0.00000E+00  0.10518E-02  0.33982E-01
   32   10  1390.0  1480.0  0.11033E-02  0.00000E+00  0.11033E-02  0.35519E-01
   32   11  1480.0  1800.0  0.10857E-02  0.00000E+00  0.10857E-02  0.34928E-01
   32   12  1800.0  2080.0  0.81596E-03  0.00000E+00  0.81596E-03  0.26624E-01
   32   13  2080.0  2250.0  0.10001E-02  0.00000E+00  0.10001E-02  0.32351E-01
   32   14  2250.0  2380.0  0.99260E-03  0.00000E+00  0.99260E-03  0.32115E-01
   32   15  2380.0  2600.0  0.85198E-03  0.00000E+00  0.85198E-03  0.27762E-01
   32   16  2600.0  3250.0  0.95009E-03  0.00000E+00  0.95009E-03  0.30625E-01
   33    1    10.0   350.0  0.91847E-03  0.00000E+00  0.91847E-03  0.37168E-01
   33    2   350.0   500.0  0.57654E-03  0.00000E+00  0.57654E-03  0.23916E-01
   33    3   500.0   630.0  0.93737E-03  0.00000E+00  0.93737E-03  0.38010E-01
   33    4   630.0   700.0  0.10196E-02  0.00000E+00  0.10196E-02  0.41007E-01
   33    5   700.0   820.0  0.10582E-02  0.00000E+00  0.10582E-02  0.42362E-01
   33    6   820.0   980.0  0.95348E-03  0.00000E+00  0.95348E-03  0.38380E-01
   33    7   980.0  1080.0  0.80810E-03  0.00000E+00  0.80810E-03  0.33026E-01
   33    8  1080.0  1180.0  0.82760E-03  0.00000E+00  0.82760E-03  0.33817E-01
   33    9  1180.0  1390.0  0.85502E-03  0.00000E+00  0.85502E-03  0.34837E-01
   33   10  1390.0  1480.0  0.89728E-03  0.00000E+00  0.89728E-03  0.36417E-01
   33   11  1480.0  1800.0  0.88307E-03  0.00000E+00  0.88307E-03  0.35811E-01
   33   12  1800.0  2080.0  0.66252E-03  0.00000E+00  0.66252E-03  0.27286E-01
   33   13  2080.0  2250.0  0.81291E-03  0.00000E+00  0.81291E-03  0.33164E-01
   33   14  2250.0  2380.0  0.80678E-03  0.00000E+00  0.80678E-03  0.32922E-01
   33   15  2380.0  2600.0  0.69187E-03  0.00000E+00  0.69187E-03  0.28454E-01
   33   16  2600.0  3250.0  0.77264E-03  0.00000E+00  0.77264E-03  0.31398E-01
   34    1    10.0   350.0  0.62247E-03  0.00000E+00  0.62247E-03  0.37791E-01
   34    2   350.0   500.0  0.38913E-03  0.00000E+00  0.38913E-03  0.24305E-01
   34    3   500.0   630.0  0.63493E-03  0.00000E+00  0.63493E-03  0.38645E-01
   34    4   630.0   700.0  0.69163E-03  0.00000E+00  0.69163E-03  0.41698E-01
   34    5   700.0   820.0  0.71841E-03  0.00000E+00  0.71841E-03  0.43081E-01
   34    6   820.0   980.0  0.64673E-03  0.00000E+00  0.64673E-03  0.39027E-01
   34    7   980.0  1080.0  0.54671E-03  0.00000E+00  0.54671E-03  0.33573E-01
   34    8  1080.0  1180.0  0.55989E-03  0.00000E+00  0.55989E-03  0.34377E-01
   34    9  1180.0  1390.0  0.57873E-03  0.00000E+00  0.57873E-03  0.35416E-01
   34   10  1390.0  1480.0  0.60774E-03  0.00000E+00  0.60774E-03  0.37024E-01
   34   11  1480.0  1800.0  0.59821E-03  0.00000E+00  0.59821E-03  0.36409E-01
   34   12  1800.0  2080.0  0.44768E-03  0.00000E+00  0.44768E-03  0.27734E-01
   34   13  2080.0  2250.0  0.55014E-03  0.00000E+00  0.55014E-03  0.33714E-01
   34   14  2250.0  2380.0  0.54597E-03  0.00000E+00  0.54597E-03  0.33468E-01
   34   15  2380.0  2600.0  0.46763E-03  0.00000E+00  0.46763E-03  0.28921E-01
   34   16  2600.0  3250.0  0.52326E-03  0.00000E+00  0.52326E-03  0.31921E-01
   35    1    10.0   350.0  0.38121E-03  0.00000E+00  0.38121E-03  0.38172E-01
   35    2   350.0   500.0  0.23752E-03  0.00000E+00  0.23752E-03  0.24543E-01
   35    3   500.0   630.0  0.38866E-03  0.00000E+00  0.38866E-03  0.39034E-01
   35    4   630.0   700.0  0.42386E-03  0.00000E+00  0.42386E-03  0.42122E-01
   35    5   700.0   820.0  0.44057E-03  0.00000E+00  0.44057E-03  0.43521E-01
   35    6   820.0   980.0  0.39633E-03  0.00000E+00  0.39633E-03  0.39423E-01
   35    7   980.0  1080.0  0.33433E-03  0.00000E+00  0.33433E-03  0.33907E-01
   35    8  1080.0  1180.0  0.34239E-03  0.00000E+00  0.34239E-03  0.34719E-01
   35    9  1180.0  1390.0  0.35406E-03  0.00000E+00  0.35406E-03  0.35770E-01
   35   10  1390.0  1480.0  0.37200E-03  0.00000E+00  0.37200E-03  0.37396E-01
   35   11  1480.0  1800.0  0.36622E-03  0.00000E+00  0.36622E-03  0.36775E-01
   35   12  1800.0  2080.0  0.27351E-03  0.00000E+00  0.27351E-03  0.28008E-01
   35   13  2080.0  2250.0  0.33652E-03  0.00000E+00  0.33652E-03  0.34051E-01
   35   14  2250.0  2380.0  0.33396E-03  0.00000E+00  0.33396E-03  0.33802E-01
   35   15  2380.0  2600.0  0.28576E-03  0.00000E+00  0.28576E-03  0.29207E-01
   35   16  2600.0  3250.0  0.32027E-03  0.00000E+00  0.32027E-03  0.32242E-01
   36    1    10.0   350.0  0.25187E-03  0.00000E+00  0.25187E-03  0.38424E-01
   36    2   350.0   500.0  0.15645E-03  0.00000E+00  0.15645E-03  0.24699E-01
   36    3   500.0   630.0  0.25669E-03  0.00000E+00  0.25669E-03  0.39291E-01
   36    4   630.0   700.0  0.28023E-03  0.00000E+00  0.28023E-03  0.42402E-01
   36    5   700.0   820.0  0.29146E-03  0.00000E+00  0.29146E-03  0.43813E-01
   36    6   820.0   980.0  0.26203E-03  0.00000E+00  0.26203E-03  0.39685E-01
   36    7   980.0  1080.0  0.22061E-03  0.00000E+00  0.22061E-03  0.34128E-01
   36    8  1080.0  1180.0  0.22592E-03  0.00000E+00  0.22592E-03  0.34945E-01
   36    9  1180.0  1390.0  0.23371E-03  0.00000E+00  0.23371E-03  0.36004E-01
   36   10  1390.0  1480.0  0.24568E-03  0.00000E+00  0.24568E-03  0.37642E-01
   36   11  1480.0  1800.0  0.24189E-03  0.00000E+00  0.24189E-03  0.37017E-01
   36   12  1800.0  2080.0  0.18032E-03  0.00000E+00  0.18032E-03  0.28188E-01
   36   13  2080.0  2250.0  0.22211E-03  0.00000E+00  0.22211E-03  0.34273E-01
   36   14  2250.0  2380.0  0.22042E-03  0.00000E+00  0.22042E-03  0.34022E-01
   36   15  2380.0  2600.0  0.18842E-03  0.00000E+00  0.18842E-03  0.29396E-01
   36   16  2600.0  3250.0  0.21150E-03  0.00000E+00  0.21150E-03  0.32453E-01
   37    1    10.0   350.0  0.20519E-03  0.00000E+00  0.20519E-03  0.38629E-01
   37    2   350.0   500.0  0.12710E-03  0.00000E+00  0.12710E-03  0.24826E-01
   37    3   500.0   630.0  0.20904E-03  0.00000E+00  0.20904E-03  0.39500E-01
   37    4   630.0   700.0  0.22842E-03  0.00000E+00  0.22842E-03  0.42631E-01
   37    5   700.0   820.0  0.23771E-03  0.00000E+00  0.23771E-03  0.44051E-01
   37    6   820.0   980.0  0.21358E-03  0.00000E+00  0.21358E-03  0.39899E-01
   37    7   980.0  1080.0  0.17951E-03  0.00000E+00  0.17951E-03  0.34307E-01
   37    8  1080.0  1180.0  0.18383E-03  0.00000E+00  0.18383E-03  0.35129E-01
   37    9  1180.0  1390.0  0.19023E-03  0.00000E+00  0.19023E-03  0.36194E-01
   37   10  1390.0  1480.0  0.20006E-03  0.00000E+00  0.20006E-03  0.37842E-01
   37   11  1480.0  1800.0  0.19700E-03  0.00000E+00  0.19700E-03  0.37214E-01
   37   12  1800.0  2080.0  0.14661E-03  0.00000E+00  0.14661E-03  0.28335E-01
   37   13  2080.0  2250.0  0.18077E-03  0.00000E+00  0.18077E-03  0.34453E-01
   37   14  2250.0  2380.0  0.17939E-03  0.00000E+00  0.17939E-03  0.34201E-01
   37   15  2380.0  2600.0  0.15322E-03  0.00000E+00  0.15322E-03  0.29549E-01
   37   16  2600.0  3250.0  0.17222E-03  0.00000E+00  0.17222E-03  0.32625E-01
   38    1    10.0   350.0  0.14825E-03  0.00000E+00  0.14825E-03  0.38777E-01
   38    2   350.0   500.0  0.91444E-04  0.00000E+00  0.91444E-04  0.24918E-01
   38    3   500.0   630.0  0.15094E-03  0.00000E+00  0.15094E-03  0.39651E-01
   38    4   630.0   700.0  0.16518E-03  0.00000E+00  0.16518E-03  0.42796E-01
   38    5   700.0   820.0  0.17204E-03  0.00000E+00  0.17204E-03  0.44223E-01
   38    6   820.0   980.0  0.15444E-03  0.00000E+00  0.15444E-03  0.40053E-01
   38    7   980.0  1080.0  0.12946E-03  0.00000E+00  0.12946E-03  0.34437E-01
   38    8  1080.0  1180.0  0.13257E-03  0.00000E+00  0.13257E-03  0.35261E-01
   38    9  1180.0  1390.0  0.13726E-03  0.00000E+00  0.13726E-03  0.36331E-01
   38   10  1390.0  1480.0  0.14446E-03  0.00000E+00  0.14446E-03  0.37987E-01
   38   11  1480.0  1800.0  0.14227E-03  0.00000E+00  0.14227E-03  0.37356E-01
   38   12  1800.0  2080.0  0.10561E-03  0.00000E+00  0.10561E-03  0.28440E-01
   38   13  2080.0  2250.0  0.13042E-03  0.00000E+00  0.13042E-03  0.34584E-01
   38   14  2250.0  2380.0  0.12941E-03  0.00000E+00  0.12941E-03  0.34331E-01
   38   15  2380.0  2600.0  0.11040E-03  0.00000E+00  0.11040E-03  0.29659E-01
   38   16  2600.0  3250.0  0.12434E-03  0.00000E+00  0.12434E-03  0.32750E-01
   39    1    10.0   350.0  0.11941E-03  0.00000E+00  0.11941E-03  0.38896E-01
   39    2   350.0   500.0  0.73417E-04  0.00000E+00  0.73417E-04  0.24991E-01
   39    3   500.0   630.0  0.12153E-03  0.00000E+00  0.12153E-03  0.39772E-01
   39    4   630.0   700.0  0.13314E-03  0.00000E+00  0.13314E-03  0.42929E-01
   39    5   700.0   820.0  0.13875E-03  0.00000E+00  0.13875E-03  0.44361E-01
   39    6   820.0   980.0  0.12448E-03  0.00000E+00  0.12448E-03  0.40178E-01
   39    7   980.0  1080.0  0.10413E-03  0.00000E+00  0.10413E-03  0.34541E-01
   39    8  1080.0  1180.0  0.10664E-03  0.00000E+00  0.10664E-03  0.35368E-01
   39    9  1180.0  1390.0  0.11045E-03  0.00000E+00  0.11045E-03  0.36442E-01
   39   10  1390.0  1480.0  0.11630E-03  0.00000E+00  0.11630E-03  0.38103E-01
   39   11  1480.0  1800.0  0.11455E-03  0.00000E+00  0.11455E-03  0.37471E-01
   39   12  1800.0  2080.0  0.84865E-04  0.00000E+00  0.84865E-04  0.28525E-01
   39   13  2080.0  2250.0  0.10493E-03  0.00000E+00  0.10493E-03  0.34689E-01
   39   14  2250.0  2380.0  0.10412E-03  0.00000E+00  0.10412E-03  0.34435E-01
   39   15  2380.0  2600.0  0.88732E-04  0.00000E+00  0.88732E-04  0.29748E-01
   39   16  2600.0  3250.0  0.10009E-03  0.00000E+00  0.10009E-03  0.32850E-01
   40    1    10.0   350.0  0.14306E-03  0.00000E+00  0.14306E-03  0.39040E-01
   40    2   350.0   500.0  0.87773E-04  0.00000E+00  0.87773E-04  0.25079E-01
   40    3   500.0   630.0  0.14555E-03  0.00000E+00  0.14555E-03  0.39918E-01
   40    4   630.0   700.0  0.15957E-03  0.00000E+00  0.15957E-03  0.43089E-01
   40    5   700.0   820.0  0.16637E-03  0.00000E+00  0.16637E-03  0.44528E-01
   40    6   820.0   980.0  0.14919E-03  0.00000E+00  0.14919E-03  0.40327E-01
   40    7   980.0  1080.0  0.12465E-03  0.00000E+00  0.12465E-03  0.34665E-01
   40    8  1080.0  1180.0  0.12764E-03  0.00000E+00  0.12764E-03  0.35496E-01
   40    9  1180.0  1390.0  0.13224E-03  0.00000E+00  0.13224E-03  0.36574E-01
   40   10  1390.0  1480.0  0.13929E-03  0.00000E+00  0.13929E-03  0.38242E-01
   40   11  1480.0  1800.0  0.13721E-03  0.00000E+00  0.13721E-03  0.37608E-01
   40   12  1800.0  2080.0  0.10152E-03  0.00000E+00  0.10152E-03  0.28627E-01
   40   13  2080.0  2250.0  0.12562E-03  0.00000E+00  0.12562E-03  0.34814E-01
   40   14  2250.0  2380.0  0.12465E-03  0.00000E+00  0.12465E-03  0.34560E-01
   40   15  2380.0  2600.0  0.10616E-03  0.00000E+00  0.10616E-03  0.29854E-01
   40   16  2600.0  3250.0  0.11987E-03  0.00000E+00  0.11987E-03  0.32970E-01
   41    1    10.0   350.0  0.19816E-03  0.00000E+00  0.19816E-03  0.39238E-01
   41    2   350.0   500.0  0.12118E-03  0.00000E+00  0.12118E-03  0.25200E-01
   41    3   500.0   630.0  0.20153E-03  0.00000E+00  0.20153E-03  0.40119E-01
   41    4   630.0   700.0  0.22118E-03  0.00000E+00  0.22118E-03  0.43310E-01
   41    5   700.0   820.0  0.23075E-03  0.00000E+00  0.23075E-03  0.44758E-01
   41    6   820.0   980.0  0.20678E-03  0.00000E+00  0.20678E-03  0.40534E-01
   41    7   980.0  1080.0  0.17241E-03  0.00000E+00  0.17241E-03  0.34838E-01
   41    8  1080.0  1180.0  0.17655E-03  0.00000E+00  0.17655E-03  0.35672E-01
   41    9  1180.0  1390.0  0.18299E-03  0.00000E+00  0.18299E-03  0.36757E-01
   41   10  1390.0  1480.0  0.19285E-03  0.00000E+00  0.19285E-03  0.38435E-01
   41   11  1480.0  1800.0  0.18999E-03  0.00000E+00  0.18999E-03  0.37798E-01
   41   12  1800.0  2080.0  0.14029E-03  0.00000E+00  0.14029E-03  0.28767E-01
   41   13  2080.0  2250.0  0.17381E-03  0.00000E+00  0.17381E-03  0.34988E-01
   41   14  2250.0  2380.0  0.17246E-03  0.00000E+00  0.17246E-03  0.34732E-01
   41   15  2380.0  2600.0  0.14673E-03  0.00000E+00  0.14673E-03  0.30001E-01
   41   16  2600.0  3250.0  0.16595E-03  0.00000E+00  0.16595E-03  0.33135E-01
   42    1    10.0   350.0  0.24711E-03  0.00000E+00  0.24711E-03  0.39485E-01
   42    2   350.0   500.0  0.15062E-03  0.00000E+00  0.15062E-03  0.25351E-01
   42    3   500.0   630.0  0.25117E-03  0.00000E+00  0.25117E-03  0.40370E-01
   42    4   630.0   700.0  0.27600E-03  0.00000E+00  0.27600E-03  0.43586E-01
   42    5   700.0   820.0  0.28814E-03  0.00000E+00  0.28814E-03  0.45047E-01
   42    6   820.0   980.0  0.25803E-03  0.00000E+00  0.25803E-03  0.40792E-01
   42    7   980.0  1080.0  0.21469E-03  0.00000E+00  0.21469E-03  0.35053E-01
   42    8  1080.0  1180.0  0.21984E-03  0.00000E+00  0.21984E-03  0.35892E-01
   42    9  1180.0  1390.0  0.22795E-03  0.00000E+00  0.22795E-03  0.36985E-01
   42   10  1390.0  1480.0  0.24036E-03  0.00000E+00  0.24036E-03  0.38675E-01
   42   11  1480.0  1800.0  0.23683E-03  0.00000E+00  0.23683E-03  0.38035E-01
   42   12  1800.0  2080.0  0.17454E-03  0.00000E+00  0.17454E-03  0.28941E-01
   42   13  2080.0  2250.0  0.21650E-03  0.00000E+00  0.21650E-03  0.35205E-01
   42   14  2250.0  2380.0  0.21481E-03  0.00000E+00  0.21481E-03  0.34947E-01
   42   15  2380.0  2600.0  0.18259E-03  0.00000E+00  0.18259E-03  0.30183E-01
   42   16  2600.0  3250.0  0.20684E-03  0.00000E+00  0.20684E-03  0.33342E-01
   43    1    10.0   350.0  0.36404E-03  0.00000E+00  0.36404E-03  0.39849E-01
   43    2   350.0   500.0  0.22095E-03  0.00000E+00  0.22095E-03  0.25572E-01
   43    3   500.0   630.0  0.36974E-03  0.00000E+00  0.36974E-03  0.40740E-01
   43    4   630.0   700.0  0.40691E-03  0.00000E+00  0.40691E-03  0.43993E-01
   43    5   700.0   820.0  0.42520E-03  0.00000E+00  0.42520E-03  0.45472E-01
   43    6   820.0   980.0  0.38044E-03  0.00000E+00  0.38044E-03  0.41172E-01
   43    7   980.0  1080.0  0.31567E-03  0.00000E+00  0.31567E-03  0.35368E-01
   43    8  1080.0  1180.0  0.32322E-03  0.00000E+00  0.32322E-03  0.36215E-01
   43    9  1180.0  1390.0  0.33534E-03  0.00000E+00  0.33534E-03  0.37320E-01
   43   10  1390.0  1480.0  0.35385E-03  0.00000E+00  0.35385E-03  0.39029E-01
   43   11  1480.0  1800.0  0.34872E-03  0.00000E+00  0.34872E-03  0.38384E-01
   43   12  1800.0  2080.0  0.25636E-03  0.00000E+00  0.25636E-03  0.29198E-01
   43   13  2080.0  2250.0  0.31846E-03  0.00000E+00  0.31846E-03  0.35523E-01
   43   14  2250.0  2380.0  0.31597E-03  0.00000E+00  0.31597E-03  0.35263E-01
   43   15  2380.0  2600.0  0.26823E-03  0.00000E+00  0.26823E-03  0.30452E-01
   43   16  2600.0  3250.0  0.30450E-03  0.00000E+00  0.30450E-03  0.33647E-01
   44    1    10.0   350.0  0.31390E-03  0.00000E+00  0.31390E-03  0.40163E-01
   44    2   350.0   500.0  0.18966E-03  0.00000E+00  0.18966E-03  0.25761E-01
   44    3   500.0   630.0  0.31858E-03  0.00000E+00  0.31858E-03  0.41059E-01
   44    4   630.0   700.0  0.35117E-03  0.00000E+00  0.35117E-03  0.44344E-01
   44    5   700.0   820.0  0.36731E-03  0.00000E+00  0.36731E-03  0.45839E-01
   44    6   820.0   980.0  0.32834E-03  0.00000E+00  0.32834E-03  0.41500E-01
   44    7   980.0  1080.0  0.27165E-03  0.00000E+00  0.27165E-03  0.35640E-01
   44    8  1080.0  1180.0  0.27812E-03  0.00000E+00  0.27812E-03  0.36493E-01
   44    9  1180.0  1390.0  0.28874E-03  0.00000E+00  0.28874E-03  0.37609E-01
   44   10  1390.0  1480.0  0.30491E-03  0.00000E+00  0.30491E-03  0.39334E-01
   44   11  1480.0  1800.0  0.30055E-03  0.00000E+00  0.30055E-03  0.38684E-01
   44   12  1800.0  2080.0  0.22035E-03  0.00000E+00  0.22035E-03  0.29418E-01
   44   13  2080.0  2250.0  0.27417E-03  0.00000E+00  0.27417E-03  0.35797E-01
   44   14  2250.0  2380.0  0.27202E-03  0.00000E+00  0.27202E-03  0.35535E-01
   44   15  2380.0  2600.0  0.23062E-03  0.00000E+00  0.23062E-03  0.30682E-01
   44   16  2600.0  3250.0  0.26238E-03  0.00000E+00  0.26238E-03  0.33909E-01
   45    1    10.0   350.0  0.21208E-03  0.00000E+00  0.21208E-03  0.40375E-01
   45    2   350.0   500.0  0.12772E-03  0.00000E+00  0.12772E-03  0.25889E-01
   45    3   500.0   630.0  0.21511E-03  0.00000E+00  0.21511E-03  0.41274E-01
   45    4   630.0   700.0  0.23740E-03  0.00000E+00  0.23740E-03  0.44581E-01
   45    5   700.0   820.0  0.24849E-03  0.00000E+00  0.24849E-03  0.46088E-01
   45    6   820.0   980.0  0.22197E-03  0.00000E+00  0.22197E-03  0.41722E-01
   45    7   980.0  1080.0  0.18326E-03  0.00000E+00  0.18326E-03  0.35823E-01
   45    8  1080.0  1180.0  0.18762E-03  0.00000E+00  0.18762E-03  0.36681E-01
   45    9  1180.0  1390.0  0.19486E-03  0.00000E+00  0.19486E-03  0.37804E-01
   45   10  1390.0  1480.0  0.20589E-03  0.00000E+00  0.20589E-03  0.39540E-01
   45   11  1480.0  1800.0  0.20298E-03  0.00000E+00  0.20298E-03  0.38887E-01
   45   12  1800.0  2080.0  0.14852E-03  0.00000E+00  0.14852E-03  0.29567E-01
   45   13  2080.0  2250.0  0.18502E-03  0.00000E+00  0.18502E-03  0.35982E-01
   45   14  2250.0  2380.0  0.18357E-03  0.00000E+00  0.18357E-03  0.35718E-01
   45   15  2380.0  2600.0  0.15547E-03  0.00000E+00  0.15547E-03  0.30838E-01
   45   16  2600.0  3250.0  0.17718E-03  0.00000E+00  0.17718E-03  0.34086E-01
   46    1    10.0   350.0  0.14134E-03  0.00000E+00  0.14134E-03  0.40516E-01
   46    2   350.0   500.0  0.84811E-04  0.00000E+00  0.84811E-04  0.25974E-01
   46    3   500.0   630.0  0.14328E-03  0.00000E+00  0.14328E-03  0.41417E-01
   46    4   630.0   700.0  0.15833E-03  0.00000E+00  0.15833E-03  0.44740E-01
   46    5   700.0   820.0  0.16584E-03  0.00000E+00  0.16584E-03  0.46253E-01
   46    6   820.0   980.0  0.14804E-03  0.00000E+00  0.14804E-03  0.41870E-01
   46    7   980.0  1080.0  0.12194E-03  0.00000E+00  0.12194E-03  0.35945E-01
   46    8  1080.0  1180.0  0.12483E-03  0.00000E+00  0.12483E-03  0.36806E-01
   46    9  1180.0  1390.0  0.12972E-03  0.00000E+00  0.12972E-03  0.37933E-01
   46   10  1390.0  1480.0  0.13714E-03  0.00000E+00  0.13714E-03  0.39677E-01
   46   11  1480.0  1800.0  0.13522E-03  0.00000E+00  0.13522E-03  0.39022E-01
   46   12  1800.0  2080.0  0.98732E-04  0.00000E+00  0.98732E-04  0.29665E-01
   46   13  2080.0  2250.0  0.12315E-03  0.00000E+00  0.12315E-03  0.36106E-01
   46   14  2250.0  2380.0  0.12218E-03  0.00000E+00  0.12218E-03  0.35841E-01
   46   15  2380.0  2600.0  0.10337E-03  0.00000E+00  0.10337E-03  0.30941E-01
   46   16  2600.0  3250.0  0.11802E-03  0.00000E+00  0.11802E-03  0.34204E-01
   47    1    10.0   350.0  0.11181E-03  0.00000E+00  0.11181E-03  0.40628E-01
   47    2   350.0   500.0  0.66826E-04  0.00000E+00  0.66826E-04  0.26041E-01
   47    3   500.0   630.0  0.11326E-03  0.00000E+00  0.11326E-03  0.41530E-01
   47    4   630.0   700.0  0.12533E-03  0.00000E+00  0.12533E-03  0.44865E-01
   47    5   700.0   820.0  0.13139E-03  0.00000E+00  0.13139E-03  0.46385E-01
   47    6   820.0   980.0  0.11719E-03  0.00000E+00  0.11719E-03  0.41988E-01
   47    7   980.0  1080.0  0.96291E-04  0.00000E+00  0.96291E-04  0.36041E-01
   47    8  1080.0  1180.0  0.98570E-04  0.00000E+00  0.98570E-04  0.36904E-01
   47    9  1180.0  1390.0  0.10248E-03  0.00000E+00  0.10248E-03  0.38036E-01
   47   10  1390.0  1480.0  0.10842E-03  0.00000E+00  0.10842E-03  0.39786E-01
   47   11  1480.0  1800.0  0.10692E-03  0.00000E+00  0.10692E-03  0.39129E-01
   47   12  1800.0  2080.0  0.77884E-04  0.00000E+00  0.77884E-04  0.29743E-01
   47   13  2080.0  2250.0  0.97286E-04  0.00000E+00  0.97286E-04  0.36203E-01
   47   14  2250.0  2380.0  0.96516E-04  0.00000E+00  0.96516E-04  0.35937E-01
   47   15  2380.0  2600.0  0.81565E-04  0.00000E+00  0.81565E-04  0.31023E-01
   47   16  2600.0  3250.0  0.93296E-04  0.00000E+00  0.93296E-04  0.34298E-01
   48    1    10.0   350.0  0.82095E-04  0.00000E+00  0.82095E-04  0.40710E-01
   48    2   350.0   500.0  0.48869E-04  0.00000E+00  0.48869E-04  0.26090E-01
   48    3   500.0   630.0  0.83104E-04  0.00000E+00  0.83104E-04  0.41613E-01
   48    4   630.0   700.0  0.92093E-04  0.00000E+00  0.92093E-04  0.44957E-01
   48    5   700.0   820.0  0.96625E-04  0.00000E+00  0.96625E-04  0.46481E-01
   48    6   820.0   980.0  0.86117E-04  0.00000E+00  0.86117E-04  0.42074E-01
   48    7   980.0  1080.0  0.70575E-04  0.00000E+00  0.70575E-04  0.36112E-01
   48    8  1080.0  1180.0  0.72241E-04  0.00000E+00  0.72241E-04  0.36977E-01
   48    9  1180.0  1390.0  0.75148E-04  0.00000E+00  0.75148E-04  0.38111E-01
   48   10  1390.0  1480.0  0.79555E-04  0.00000E+00  0.79555E-04  0.39865E-01
   48   11  1480.0  1800.0  0.78470E-04  0.00000E+00  0.78470E-04  0.39208E-01
   48   12  1800.0  2080.0  0.57024E-04  0.00000E+00  0.57024E-04  0.29800E-01
   48   13  2080.0  2250.0  0.71333E-04  0.00000E+00  0.71333E-04  0.36274E-01
   48   14  2250.0  2380.0  0.70767E-04  0.00000E+00  0.70767E-04  0.36008E-01
   48   15  2380.0  2600.0  0.59732E-04  0.00000E+00  0.59732E-04  0.31082E-01
   48   16  2600.0  3250.0  0.68461E-04  0.00000E+00  0.68461E-04  0.34366E-01
   49    1    10.0   350.0  0.72559E-04  0.00000E+00  0.72559E-04  0.40783E-01
   49    2   350.0   500.0  0.43048E-04  0.00000E+00  0.43048E-04  0.26133E-01
   49    3   500.0   630.0  0.73408E-04  0.00000E+00  0.73408E-04  0.41687E-01
   49    4   630.0   700.0  0.81445E-04  0.00000E+00  0.81445E-04  0.45039E-01
   49    5   700.0   820.0  0.85513E-04  0.00000E+00  0.85513E-04  0.46567E-01
   49    6   820.0   980.0  0.76163E-04  0.00000E+00  0.76163E-04  0.42150E-01
   49    7   980.0  1080.0  0.62284E-04  0.00000E+00  0.62284E-04  0.36174E-01
   49    8  1080.0  1180.0  0.63752E-04  0.00000E+00  0.63752E-04  0.37040E-01
   49    9  1180.0  1390.0  0.66347E-04  0.00000E+00  0.66347E-04  0.38177E-01
   49   10  1390.0  1480.0  0.70278E-04  0.00000E+00  0.70278E-04  0.39935E-01
   49   11  1480.0  1800.0  0.69329E-04  0.00000E+00  0.69329E-04  0.39277E-01
   49   12  1800.0  2080.0  0.50281E-04  0.00000E+00  0.50281E-04  0.29851E-01
   49   13  2080.0  2250.0  0.62974E-04  0.00000E+00  0.62974E-04  0.36337E-01
   49   14  2250.0  2380.0  0.62473E-04  0.00000E+00  0.62473E-04  0.36070E-01
   49   15  2380.0  2600.0  0.52679E-04  0.00000E+00  0.52679E-04  0.31135E-01
   49   16  2600.0  3250.0  0.60477E-04  0.00000E+00  0.60477E-04  0.34427E-01
   50    1    10.0   350.0  0.76590E-04  0.00000E+00  0.76590E-04  0.40859E-01
   50    2   350.0   500.0  0.45279E-04  0.00000E+00  0.45279E-04  0.26178E-01
   50    3   500.0   630.0  0.77440E-04  0.00000E+00  0.77440E-04  0.41764E-01
   50    4   630.0   700.0  0.86026E-04  0.00000E+00  0.86026E-04  0.45125E-01
   50    5   700.0   820.0  0.90388E-04  0.00000E+00  0.90388E-04  0.46657E-01
   50    6   820.0   980.0  0.80449E-04  0.00000E+00  0.80449E-04  0.42230E-01
   50    7   980.0  1080.0  0.65642E-04  0.00000E+00  0.65642E-04  0.36240E-01
   50    8  1080.0  1180.0  0.67185E-04  0.00000E+00  0.67185E-04  0.37107E-01
   50    9  1180.0  1390.0  0.69953E-04  0.00000E+00  0.69953E-04  0.38247E-01
   50   10  1390.0  1480.0  0.74141E-04  0.00000E+00  0.74141E-04  0.40010E-01
   50   11  1480.0  1800.0  0.73153E-04  0.00000E+00  0.73153E-04  0.39350E-01
   50   12  1800.0  2080.0  0.52943E-04  0.00000E+00  0.52943E-04  0.29903E-01
   50   13  2080.0  2250.0  0.66392E-04  0.00000E+00  0.66392E-04  0.36404E-01
   50   14  2250.0  2380.0  0.65862E-04  0.00000E+00  0.65862E-04  0.36136E-01
   50   15  2380.0  2600.0  0.55479E-04  0.00000E+00  0.55479E-04  0.31191E-01
   50   16  2600.0  3250.0  0.63802E-04  0.00000E+00  0.63802E-04  0.34490E-01
   51    1    10.0   350.0  0.81637E-04  0.00000E+00  0.81637E-04  0.40941E-01
   51    2   350.0   500.0  0.48150E-04  0.00000E+00  0.48150E-04  0.26226E-01
   51    3   500.0   630.0  0.82507E-04  0.00000E+00  0.82507E-04  0.41847E-01
   51    4   630.0   700.0  0.91734E-04  0.00000E+00  0.91734E-04  0.45216E-01
   51    5   700.0   820.0  0.96436E-04  0.00000E+00  0.96436E-04  0.46754E-01
   51    6   820.0   980.0  0.85791E-04  0.00000E+00  0.85791E-04  0.42316E-01
   51    7   980.0  1080.0  0.69893E-04  0.00000E+00  0.69893E-04  0.36310E-01
   51    8  1080.0  1180.0  0.71533E-04  0.00000E+00  0.71533E-04  0.37179E-01
   51    9  1180.0  1390.0  0.74506E-04  0.00000E+00  0.74506E-04  0.38322E-01
   51   10  1390.0  1480.0  0.78999E-04  0.00000E+00  0.78999E-04  0.40089E-01
   51   11  1480.0  1800.0  0.77955E-04  0.00000E+00  0.77955E-04  0.39428E-01
   51   12  1800.0  2080.0  0.56340E-04  0.00000E+00  0.56340E-04  0.29960E-01
   51   13  2080.0  2250.0  0.70711E-04  0.00000E+00  0.70711E-04  0.36474E-01
   51   14  2250.0  2380.0  0.70146E-04  0.00000E+00  0.70146E-04  0.36206E-01
   51   15  2380.0  2600.0  0.59047E-04  0.00000E+00  0.59047E-04  0.31250E-01
   51   16  2600.0  3250.0  0.67985E-04  0.00000E+00  0.67985E-04  0.34558E-01
