NUMANGS:  3
NSTR:  0
  LAY  BAND  WVN1    WVN2     ICE OD       LIQ OD      TOT ABS OD   TOT ABS OD 
                                                                     BY BLOCK  
    4    1    10.0   350.0  0.56219E-01  0.38190E+00  0.43811E+00  0.43811E+00
    4    2   350.0   500.0  0.53331E-01  0.64515E+00  0.69848E+00  0.69848E+00
    4    3   500.0   630.0  0.50768E-01  0.71934E+00  0.77011E+00  0.77011E+00
    4    4   630.0   700.0  0.47387E-01  0.69294E+00  0.74033E+00  0.74033E+00
    4    5   700.0   820.0  0.44533E-01  0.63575E+00  0.68029E+00  0.68029E+00
    4    6   820.0   980.0  0.45866E-01  0.40427E+00  0.45014E+00  0.45014E+00
    4    7   980.0  1080.0  0.50906E-01  0.31637E+00  0.36728E+00  0.36728E+00
    4    8  1080.0  1180.0  0.48615E-01  0.29859E+00  0.34720E+00  0.34720E+00
    4    9  1180.0  1390.0  0.47402E-01  0.30558E+00  0.35298E+00  0.35298E+00
    4   10  1390.0  1480.0  0.46970E-01  0.34146E+00  0.38843E+00  0.38843E+00
    4   11  1480.0  1800.0  0.46657E-01  0.49710E+00  0.54376E+00  0.54376E+00
    4   12  1800.0  2080.0  0.44978E-01  0.20111E+00  0.24609E+00  0.24609E+00
    4   13  2080.0  2250.0  0.46029E-01  0.23910E+00  0.28513E+00  0.28513E+00
    4   14  2250.0  2380.0  0.45685E-01  0.19535E+00  0.24104E+00  0.24104E+00
    4   15  2380.0  2600.0  0.42137E-01  0.12473E+00  0.16687E+00  0.16687E+00
    4   16  2600.0  3250.0  0.40856E-01  0.29358E+00  0.33444E+00  0.33444E+00
