 Wavenumbers:   10.0 - 3250.0 cm-1, ATM      1
 LEVEL    PRESSURE   UPWARD FLUX   DOWNWARD FLUX    NET FLUX       HEATING RATE
             mb          W/m2          W/m2           W/m2          degree/day
  59        0.1000     199.6689        0.0000       199.6689228            0.00000
  58        0.1400     199.6730        0.1342       199.5388369          -27.42800
  57        0.1970     199.6788        0.2233       199.4554620          -12.33629
  56        0.2760     199.6775        0.3264       199.3510524          -11.14647
  55        0.3870     199.6554        0.4492       199.2061784          -11.00757
  54        0.5430     199.6096        0.5955       199.0140840          -10.38518
  53        0.7620     199.5255        0.7585       198.7669225           -9.51833
  52        1.070      199.4294        0.9254       198.5039608           -7.20055
  51        1.500      199.3177        1.1194       198.1982771           -5.99553
  50        2.100      199.1932        1.3386       197.8545891           -4.83100
  49        2.950      199.0562        1.5852       197.4710358           -3.80567
  48        4.130      198.9188        1.8583       197.0605406           -2.93393
  47        5.800      198.8089        2.1875       196.6214233           -2.21762
  46        8.130      198.7235        2.6485       196.0750006           -1.97787
  45       11.41       198.6551        3.2862       195.3688527           -1.81571
  44       16.01       198.6187        4.1064       194.5123092           -1.57042
  43       22.46       198.6908        5.1289       193.5618775           -1.24275
  42       31.51       198.9973        6.5925       192.4048124           -1.07828
  41       44.20       199.4358        8.5931       190.8427321           -1.03816
  40       62.00       200.0524       11.1019       188.9505556           -0.89653
  39       85.77       200.7688       13.9087       186.8601026           -0.74171
  38      109.5        201.3970       16.2810       185.1160123           -0.61882
  37      133.3        201.8918       18.2538       183.6379701           -0.52420
  36      157.1        202.3706       19.9641       182.4065078           -0.43675
  35      180.9        202.8210       21.6466       181.1744449           -0.43715
  34      204.7        203.3007       23.5020       179.7987236           -0.48791
  33      228.4        203.8623       25.6705       178.1917328           -0.57017
  32      252.2        204.5505       28.2120       176.3385114           -0.65726
  31      276.0        205.4294       30.8055       174.6239075           -0.60836
  30      299.8        206.7324       33.5652       173.1671752           -0.51664
  29      323.5        208.1502       36.4237       171.7264429           -0.51118
  28      347.3        209.8823       39.7905       170.0918469           -0.57997
  27      371.1        211.8760       44.7256       167.1504145           -1.04321
  26      394.9        214.1410       51.0074       163.1336050           -1.42460
  25      418.6        216.5163       57.3101       159.2061362           -1.39350
  24      442.4        218.9059       63.3878       155.5181876           -1.30852
  23      466.2        221.3669       69.5460       151.8208953           -1.31128
  22      490.0        223.8606       75.8257       148.0349489           -1.34272
  21      513.7        226.3728       82.2028       144.1699605           -1.37133
  20      537.5        228.9491       88.8250       140.1240607           -1.43492
  19      561.3        231.5119       95.5416       135.9703757           -1.47377
  18      585.0        233.9822      102.3279       131.6542932           -1.53139
  17      608.8        236.1525      109.0465       127.1060332           -1.61309
  16      632.6        238.1912      115.3330       122.8581445           -1.50656
  15      656.4        240.1480      121.3798       118.7681617           -1.45116
  14      680.1        241.9181      127.2536       114.6644990           -1.45602
  13      703.9        243.2890      132.5730       110.7159644           -1.40039
  12      727.7        244.6085      137.4524       107.1560431           -1.26256
  11      751.5        245.8809      142.0776       103.8032481           -1.18960
  10      775.3        247.0958      146.4737       100.6221290           -1.12822
   9      799.0        248.2512      150.7176        97.5335476           -1.09586
   8      822.8        249.3188      154.7418        94.5769785           -1.04858
   7      846.6        250.2508      158.5857        91.6650720           -1.03317
   6      870.4        250.9741      162.2753        88.6988691           -1.05199
   5      894.1        250.9838      165.5828        85.4010383           -1.17010
   4      917.9        250.2731      167.6661        82.6069483           -0.99137
   3      941.7        249.6165      169.2120        80.4044934           -0.78112
   2      965.5        249.0201      170.4517        78.5684589           -0.65117
   1      989.2        248.4974      171.4735        77.0239455           -0.54778
   0     1013.0        248.1389      172.3123        75.8266345           -0.42482

  Modules and versions used in this calculation:

                rrtm.f:  $Revision: 3.6 $                     rrtatm.f:  NOT USED          
                 rtr.f:  NOT USED                             rtrcld.f:  NOT USED          
               rtreg.f:  $Revision: 3.4 $                   rtregcld.f:  NOT USED          
            rtrcldmr.f:  NOT USED                         rtregcldmr.f:  NOT USED          
             setcoef.f:  $Revision: 3.4 $                    cldprop.f:  NOT USED          
            util_xxx.f:  NOT USED                             taumol.f:  $Revision: 3.6 $  
              rtrdis.f:  NOT USED                             disort.f:  NOT USED          
               extra.f:  NOT USED                            ErrPack.f:  NOT USED          
              LINPAK.f:  NOT USED                           RDI1MACH.f:  NOT USED          
              k_gB01.f:  $Revision: 3.2 $                     k_gB02.f:  $Revision: 3.2 $  
              k_gB03.f:  $Revision: 3.2 $                     k_gB04.f:  $Revision: 3.2 $  
              k_gB05.f:  $Revision: 3.3 $                     k_gB06.f:  $Revision: 3.2 $  
              k_gB07.f:  $Revision: 3.2 $                     k_gB08.f:  $Revision: 3.2 $  
              k_gB09.f:  $Revision: 3.2 $                     k_gB10.f:  $Revision: 3.2 $  
              k_gB11.f:  $Revision: 3.2 $                     k_gB12.f:  $Revision: 3.4 $  
              k_gB13.f:  $Revision: 3.2 $                     k_gB14.f:  $Revision: 3.2 $  
              k_gB15.f:  $Revision: 3.3 $                     k_gB16.f:  $Revision: 3.3 $  

