 Wavenumbers:   10.0 - 3250.0 cm-1, ATM      1
 LEVEL    PRESSURE   UPWARD FLUX   DOWNWARD FLUX    NET FLUX       HEATING RATE
             mb          W/m2          W/m2           W/m2          degree/day
  81        0.1000     156.3705        0.0000       156.3704928            0.00000
  80        0.1177     156.3825        0.0621       156.3204339          -23.82884
  79        0.1705     156.4147        0.1456       156.2690486           -8.20332
  78        0.2471     156.4509        0.2506       156.2003197           -7.57336
  77        0.3501     156.4839        0.3886       156.0953181           -8.60023
  76        0.4876     156.5082        0.5666       155.9415769           -9.42879
  75        0.6791     156.5110        0.8098       155.7012317          -10.58274
  74        0.9302     156.4668        1.1156       155.3511952          -11.75649
  73        1.273      156.3754        1.5017       154.8737407          -11.74383
  72        1.740      156.2012        1.9602       154.2410730          -11.42459
  71        2.377      155.9589        2.4614       153.4975596           -9.84773
  70        3.281      155.6603        3.0058       152.6544459           -7.86187
  69        4.555      155.2999        3.6217       151.6782040           -6.46349
  68        6.383      154.8803        4.3573       150.5229816           -5.32912
  67        9.029      154.4114        5.2474       149.1640274           -4.33292
  66       12.89       153.9181        6.2995       147.6186288           -3.37155
  65       18.57       153.4367        7.5379       145.8987688           -2.55586
  64       26.97       153.0210        9.0664       143.9546574           -1.95069
  63       39.40       152.6605       10.9293       141.7311422           -1.50883
  62       57.98       152.3482       13.0276       139.3205596           -1.09456
  61       85.59       152.2319       15.2017       137.0302432           -0.69965
  60      127.2        152.6742       17.8687       134.8054562           -0.45134
  59      132.3        152.7632       18.1881       134.5751043           -0.37912
  58      137.6        152.8642       18.5266       134.3376540           -0.37567
  57      143.2        152.9840       18.8827       134.1012649           -0.35950
  56      148.9        153.1297       19.2772       133.8525396           -0.36341
  55      154.9        153.2924       19.7214       133.5709313           -0.39548
  54      161.2        153.4775       20.2147       133.2628220           -0.41592
  53      167.7        153.7077       20.7590       132.9486415           -0.40768
  52      174.5        154.0055       21.4365       132.5689540           -0.47178
  51      181.5        154.3159       22.2720       132.0439071           -0.62691
  50      188.9        154.6440       23.2620       131.3820062           -0.75957
  49      196.5        155.0057       24.4365       130.5692429           -0.90388
  48      204.2        155.3764       25.8888       129.4875601           -1.18185
  47      212.2        164.6980       58.1858       106.5121757          -24.15395
  46      220.5        174.3765       80.5963        93.7802653          -12.87902
  45      229.1        185.3073       97.7519        87.5553752           -6.11824
  44      238.0        198.1128      111.6205        86.4923358           -1.00955
  43      247.2        213.6729      123.3276        90.3452978            3.52256
  42      256.7        233.3694      133.6027        99.7667759            8.35399
  41      266.5        259.5342      142.9793       116.5549601           14.56519
  40      276.6        297.3378      152.1584       145.1794425           23.92821
  39      287.0        298.8703      153.4820       145.3883658            0.16851
  38      297.5        300.4990      155.0356       145.4634135            0.06032
  37      308.4        302.2103      156.7760       145.4343662           -0.02252
  36      319.7        304.0105      158.7017       145.3088631           -0.09388
  35      331.3        305.9090      160.8180       145.0909339           -0.15831
  34      343.3        307.8975      163.1170       144.7805035           -0.21788
  33      355.7        309.9769      165.6033       144.3735382           -0.27564
  32      368.3        312.1450      168.2715       143.8734211           -0.33548
  31      381.2        314.4025      171.1177       143.2848231           -0.38388
  30      394.6        316.7525      174.1530       142.5995590           -0.43177
  29      408.3        319.2016      177.3914       141.8102057           -0.48746
  28      422.4        321.7446      180.8293       140.9153412           -0.53561
  27      437.0        324.3758      184.4738       139.9020717           -0.58625
  26      451.8        327.0789      188.2986       138.7803201           -0.63696
  25      467.2        329.8735      192.3148       137.5586977           -0.67087
  24      483.0        332.7500      196.5315       136.2185061           -0.71417
  23      499.2        335.7103      200.9528       134.7574615           -0.75958
  22      516.0        338.7633      205.5915       133.1718290           -0.79757
  21      533.0        341.8872      210.4264       131.4608155           -0.84745
  20      550.4        345.1082      215.4701       129.6380909           -0.88130
  19      568.4        348.4425      220.7413       127.7012056           -0.90801
  18      586.9        351.8977      226.2668       125.6309502           -0.94634
  17      605.9        355.4769      232.0661       123.4108096           -0.98295
  16      625.2        359.1726      238.1189       121.0536582           -1.02937
  15      645.1        363.0022      244.4275       118.5746598           -1.05526
  14      665.4        366.9782      250.9986       115.9796361           -1.07404
  13      686.4        371.0908      257.8220       113.2688279           -1.09190
  12      707.9        375.3105      264.8865       110.4240002           -1.11309
  11      730.0        379.6069      272.1675       107.4393558           -1.13924
  10      752.8        383.9627      279.6772       104.2854597           -1.16956
   9      776.0        388.2619      287.2616       101.0002769           -1.19299
   8      799.8        392.6252      295.0366        97.5885398           -1.20634
   7      824.1        396.9483      302.9881        93.9601884           -1.26351
   6      849.0        401.2348      311.1144        90.1203928           -1.30124
   5      874.5        405.3953      319.3026        86.0926741           -1.33111
   4      900.8        409.5521      327.7146        81.8375097           -1.36282
   3      928.0        413.7040      336.4662        77.2378322           -1.42577
   2      956.3        417.8151      345.6503        72.1648070           -1.51307
   1      984.7        421.7198      355.2613        66.4584853           -1.69248
   0     1013.3        424.8496      365.1773        59.6722879           -2.00653

  Modules and versions used in this calculation:

                rrtm.f:  $Revision: 3.6 $                     rrtatm.f:  $Revision: 9.4 $  
                 rtr.f:  NOT USED                             rtrcld.f:  NOT USED          
               rtreg.f:  NOT USED                           rtregcld.f:  NOT USED          
            rtrcldmr.f:  NOT USED                         rtregcldmr.f:  NOT USED          
             setcoef.f:  $Revision: 3.4 $                    cldprop.f:  $Revision: 3.3 $  
      util_linux_pgi.f:  $Revision: 7.5 $                     taumol.f:  $Revision: 3.6 $  
              rtrdis.f:  $Revision: 5.4 $                     disort.f:  $Revision: 5.1 $  
               extra.f:  NOT USED                            ErrPack.f:  NOT USED          
              LINPAK.f:  $Revision: 5.2 $                   RDI1MACH.f:  $Revision: 5.1 $  
              k_gB01.f:  $Revision: 3.2 $                     k_gB02.f:  $Revision: 3.2 $  
              k_gB03.f:  $Revision: 3.2 $                     k_gB04.f:  $Revision: 3.2 $  
              k_gB05.f:  $Revision: 3.3 $                     k_gB06.f:  $Revision: 3.2 $  
              k_gB07.f:  $Revision: 3.2 $                     k_gB08.f:  $Revision: 3.2 $  
              k_gB09.f:  $Revision: 3.2 $                     k_gB10.f:  $Revision: 3.2 $  
              k_gB11.f:  $Revision: 3.2 $                     k_gB12.f:  $Revision: 3.4 $  
              k_gB13.f:  $Revision: 3.2 $                     k_gB14.f:  $Revision: 3.2 $  
              k_gB15.f:  $Revision: 3.3 $                     k_gB16.f:  $Revision: 3.3 $  

