 Wavenumbers:   10.0 - 3250.0 cm-1, ATM      1
 LEVEL    PRESSURE   UPWARD FLUX   DOWNWARD FLUX    NET FLUX       HEATING RATE
             mb          W/m2          W/m2           W/m2          degree/day
  51         .06700    267.9022        0.0000       267.9022386            0.00000
  50         .07753    267.9110        0.0366       267.8744055          -22.29455
  49         .09103    267.9218        0.0581       267.8637683           -6.64434
  48        0.1069     267.9337        0.0810       267.8527414           -5.86599
  47        0.1255     267.9467        0.1072       267.8394321           -6.02998
  46        0.1487     267.9613        0.1402       267.8210962           -6.67942
  45        0.1794     267.9793        0.1836       267.7956519           -6.98064
  44        0.2165     267.9984        0.2342       267.7641218           -7.16801
  43        0.2613     268.0175        0.2944       267.7230732           -7.73261
  42        0.3336     268.0407        0.3920       267.6486768           -8.66840
  41        0.4307     268.0616        0.5188       267.5428431           -9.19619
  40        0.5894     268.0687        0.7260       267.3426873          -10.63730
  39        1.339      267.8941        1.6250       266.2690429          -12.07965
  38        1.782      267.7113        2.0314       265.6798941          -11.20935
  37        2.292      267.5194        2.4060       265.1133453           -9.37760
  36        2.964      267.2994        2.8113       264.4880606           -7.84425
  35        3.853      267.0473        3.2620       263.7853914           -6.66425
  34        5.035      266.7653        3.7723       262.9930786           -5.65638
  33        6.613      266.4587        4.3650       262.0936298           -4.80542
  32        8.786      266.1397        5.0593       261.0804817           -3.93221
  31       11.80       265.8228        5.9075       259.9152753           -3.26015
  30       15.07       265.5864        6.6812       258.9051866           -2.60620
  29       18.79       265.4231        7.4345       257.9886071           -2.07685
  28       23.16       265.3458        8.2453       257.1005053           -1.71622
  27       28.12       265.3167        9.1037       256.2129304           -1.50786
  26       33.73       265.3350        9.9724       255.3626013           -1.27768
  25       40.54       265.3902       10.9141       254.4761086           -1.09910
  24       48.69       265.5006       11.8977       253.6028777           -0.90309
  23       57.69       265.6661       12.8287       252.8373221           -0.71714
  22       68.43       265.9098       13.7641       252.1456629           -0.54339
  21       81.20       266.2348       14.7048       251.5300162           -0.40655
  20       96.49       266.6741       15.6653       251.0088123           -0.28749
  19      114.6        267.3882       16.8361       250.5520846           -0.21312
  18      136.5        268.3207       18.1952       250.1255137           -0.16392
  17      162.9        269.6985       19.9469       249.7516267           -0.11943
  16      196.4        272.5758       23.5572       249.0186844           -0.18437
  15      218.7        274.9517       28.4761       246.4756304           -0.96489
  14      243.0        277.8268       36.0802       241.7465675           -1.63916
  13      269.0        281.3221       46.1932       235.1288784           -2.14539
  12      297.5        285.5707       58.0989       227.4717656           -2.26958
  11      328.5        290.4593       70.5399       219.9194119           -2.05217
  10      361.9        296.0274       83.8256       212.2018138           -1.95139
   9      398.1        302.2732       98.2505       204.0226544           -1.90436
   8      437.6        309.2736      114.1775       195.0961004           -1.90735
   7      480.5        316.9081      131.4977       185.4104332           -1.90103
   6      533.0        326.0915      152.7200       173.3714721           -1.93546
   5      589.8        336.0346      175.9672       160.0674519           -1.97350
   4      651.6        346.6910      202.4048       144.2862749           -2.15675
   3      718.7        377.0717      290.2391        86.8325813           -7.21577
   2      792.3        391.4222      310.4626        80.9596134           -0.67314
   1      891.5        407.6101      337.7240        69.8860938           -0.94171
   0     1013.0        424.7960      373.2561        51.5399439           -1.27306

  Modules and versions used in this calculation:

                rrtm.f:  $Revision: 3.6 $                     rrtatm.f:  NOT USED          
                 rtr.f:  NOT USED                             rtrcld.f:  NOT USED          
               rtreg.f:  NOT USED                           rtregcld.f:  $Revision: 3.4 $  
            rtrcldmr.f:  NOT USED                         rtregcldmr.f:  NOT USED          
             setcoef.f:  $Revision: 3.4 $                    cldprop.f:  $Revision: 3.3 $  
            util_xxx.f:  NOT USED                             taumol.f:  $Revision: 3.6 $  
              rtrdis.f:  NOT USED                             disort.f:  NOT USED          
               extra.f:  NOT USED                            ErrPack.f:  NOT USED          
              LINPAK.f:  NOT USED                           RDI1MACH.f:  NOT USED          
              k_gB01.f:  $Revision: 3.2 $                     k_gB02.f:  $Revision: 3.2 $  
              k_gB03.f:  $Revision: 3.2 $                     k_gB04.f:  $Revision: 3.2 $  
              k_gB05.f:  $Revision: 3.3 $                     k_gB06.f:  $Revision: 3.2 $  
              k_gB07.f:  $Revision: 3.2 $                     k_gB08.f:  $Revision: 3.2 $  
              k_gB09.f:  $Revision: 3.2 $                     k_gB10.f:  $Revision: 3.2 $  
              k_gB11.f:  $Revision: 3.2 $                     k_gB12.f:  $Revision: 3.4 $  
              k_gB13.f:  $Revision: 3.2 $                     k_gB14.f:  $Revision: 3.2 $  
              k_gB15.f:  $Revision: 3.3 $                     k_gB16.f:  $Revision: 3.3 $  

