 Wavenumbers:   10.0 - 3250.0 cm-1, ATM      1
 LEVEL    PRESSURE   UPWARD FLUX   DOWNWARD FLUX    NET FLUX       HEATING RATE
             mb          W/m2          W/m2           W/m2          degree/day
  81        0.1000     159.2869        0.0000       159.2868551            0.00000
  80        0.1177     159.2989        0.0621       159.2367963          -23.82880
  79        0.1705     159.3311        0.1456       159.1854114           -8.20326
  78        0.2471     159.3673        0.2506       159.1166831           -7.57328
  77        0.3501     159.4003        0.3886       159.0116829           -8.60011
  76        0.4876     159.4246        0.5666       158.8579443           -9.42863
  75        0.6791     159.4274        0.8098       158.6176039          -10.58252
  74        0.9302     159.3832        1.1156       158.2675763          -11.75619
  73        1.273      159.2918        1.5017       157.7901375          -11.74344
  72        1.740      159.1177        1.9602       157.1574984          -11.42408
  71        2.377      158.8754        2.4614       156.4140367           -9.84705
  70        3.281      158.5768        3.0058       155.5710184           -7.86098
  69        4.555      158.2167        3.6217       154.5949529           -6.46232
  68        6.383      157.7973        4.3573       153.4400421           -5.32768
  67        9.029      157.3290        5.2474       152.0816142           -4.33124
  66       12.89       156.8365        6.2995       150.5370696           -3.36968
  65       18.57       156.3565        7.5379       148.8185940           -2.55380
  64       26.97       155.9431        9.0664       146.8767393           -1.94843
  63       39.40       155.5861       10.9293       144.6567726           -1.50642
  62       57.98       155.2793       13.0276       142.2516889           -1.09206
  61       85.59       155.1715       15.2017       139.9698008           -0.69707
  60      127.2        155.6300       17.8687       137.7612625           -0.44804
  59      132.3        155.7213       18.1881       137.5332403           -0.37529
  58      137.6        155.8249       18.5266       137.2983146           -0.37167
  57      143.2        155.9474       18.8827       137.0646699           -0.35533
  56      148.9        156.0961       19.2772       136.8189467           -0.35902
  55      154.9        156.2621       19.7214       136.5406459           -0.39083
  54      161.2        156.4509       20.2147       136.2362058           -0.41097
  53      167.7        156.6851       20.7590       135.9261316           -0.40235
  52      174.5        156.9877       21.4365       135.5511125           -0.46598
  51      181.5        157.3035       22.2720       135.0314977           -0.62043
  50      188.9        157.6381       23.2620       134.3760744           -0.75214
  49      196.5        158.0078       24.4365       133.5713138           -0.89498
  48      204.2        158.3892       25.8888       132.5004007           -1.17008
  47      212.2        167.7079       55.5648       112.1431319          -21.40153
  46      220.5        177.5066       76.8901       100.6165136          -11.65980
  45      229.1        188.5785       93.6520        94.9264931           -5.59253
  44      238.0        201.4878      107.4624        94.0254445           -0.85571
  43      247.2        217.0340      119.2692        97.7647700            3.41867
  42      256.7        236.4500      129.6992       106.7507812            7.96787
  41      266.5        261.7483      139.2047       122.5435887           13.70162
  40      276.6        297.3378      148.3868       148.9509867           22.07487
  39      287.0        298.8703      149.8397       149.0306951            0.06429
  38      297.5        300.4990      151.5145       148.9844814           -0.03714
  37      308.4        302.2103      153.3692       148.8410926           -0.11118
  36      319.7        304.0105      155.4046       148.6058927           -0.17593
  35      331.3        305.9090      157.6271       148.2818443           -0.23540
  34      343.3        307.8975      160.0287       147.8688626           -0.28986
  33      355.7        309.9769      162.6147       147.3621376           -0.34321
  32      368.3        312.1450      165.3802       146.7648077           -0.40069
  31      381.2        314.4025      168.3208       146.0817165           -0.44551
  30      394.6        316.7525      171.4482       145.3042742           -0.48985
  29      408.3        319.2016      174.7771       144.4244937           -0.54330
  28      422.4        321.7446      178.3035       143.4411587           -0.58856
  27      437.0        324.3758      182.0347       142.3411710           -0.63642
  26      451.8        327.0789      185.9445       141.1344597           -0.68521
  25      467.2        329.8735      190.0438       139.8296330           -0.71656
  24      483.0        332.7500      194.3422       138.4077587           -0.75769
  23      499.2        335.7103      198.8443       136.8660027           -0.80154
  22      516.0        338.7633      203.5628       135.2005053           -0.83774
  21      533.0        341.8872      208.4769       133.4102652           -0.88669
  20      550.4        345.1082      213.5997       131.5085183           -0.91951
  19      568.4        348.4425      218.9497       129.4927278           -0.94500
  18      586.9        351.8977      224.5543       127.3433770           -0.98249
  17      605.9        355.4769      230.4332       125.0437382           -1.01815
  16      625.2        359.1726      236.5654       122.6071366           -1.06407
  15      645.1        363.0022      242.9529       120.0492621           -1.08884
  14      665.4        366.9782      249.6016       117.3766478           -1.10615
  13      686.4        371.0908      256.5004       114.5904604           -1.12226
  12      707.9        375.3105      263.6376       111.6729385           -1.14153
  11      730.0        379.6069      270.9883       108.6185413           -1.16587
  10      752.8        383.9627      278.5648       105.3978923           -1.19432
   9      776.0        388.2619      286.2127       102.0491324           -1.21607
   8      799.8        392.6252      294.0485        98.5766962           -1.22781
   7      824.1        396.9483      302.0583        94.8899768           -1.28384
   6      849.0        401.2348      310.2414        90.9934163           -1.32048
   5      874.5        405.3953      318.4847        86.9105600           -1.34933
   4      900.8        409.5521      326.9511        82.6009936           -1.38025
   3      928.0        413.7040      335.7572        77.9467560           -1.44268
   2      956.3        417.8151      344.9967        72.8183855           -1.52958
   1      984.7        421.7198      354.6641        67.0556464           -1.70922
   0     1013.3        424.8496      364.6372        60.2124392           -2.02338

  Modules and versions used in this calculation:

                rrtm.f:  $Revision: 3.6 $                     rrtatm.f:  $Revision: 9.4 $  
                 rtr.f:  NOT USED                             rtrcld.f:  NOT USED          
               rtreg.f:  NOT USED                           rtregcld.f:  NOT USED          
            rtrcldmr.f:  NOT USED                         rtregcldmr.f:  NOT USED          
             setcoef.f:  $Revision: 3.4 $                    cldprop.f:  $Revision: 3.3 $  
      util_linux_pgi.f:  $Revision: 7.5 $                     taumol.f:  $Revision: 3.6 $  
              rtrdis.f:  $Revision: 5.4 $                     disort.f:  $Revision: 5.1 $  
               extra.f:  NOT USED                            ErrPack.f:  NOT USED          
              LINPAK.f:  $Revision: 5.2 $                   RDI1MACH.f:  $Revision: 5.1 $  
              k_gB01.f:  $Revision: 3.2 $                     k_gB02.f:  $Revision: 3.2 $  
              k_gB03.f:  $Revision: 3.2 $                     k_gB04.f:  $Revision: 3.2 $  
              k_gB05.f:  $Revision: 3.3 $                     k_gB06.f:  $Revision: 3.2 $  
              k_gB07.f:  $Revision: 3.2 $                     k_gB08.f:  $Revision: 3.2 $  
              k_gB09.f:  $Revision: 3.2 $                     k_gB10.f:  $Revision: 3.2 $  
              k_gB11.f:  $Revision: 3.2 $                     k_gB12.f:  $Revision: 3.4 $  
              k_gB13.f:  $Revision: 3.2 $                     k_gB14.f:  $Revision: 3.2 $  
              k_gB15.f:  $Revision: 3.3 $                     k_gB16.f:  $Revision: 3.3 $  

