 Wavenumbers:   10.0 - 3250.0 cm-1, ATM      1
 LEVEL    PRESSURE   UPWARD FLUX   DOWNWARD FLUX    NET FLUX       HEATING RATE
             mb          W/m2          W/m2           W/m2          degree/day
  51         .06700    265.3712        0.0000       265.3712283            0.00000
  50         .07753    265.3800        0.0366       265.3433951          -22.29465
  49         .09103    265.3908        0.0581       265.3327577           -6.64446
  48        0.1069     265.4027        0.0810       265.3217305           -5.86613
  47        0.1255     265.4157        0.1072       265.3084208           -6.03015
  46        0.1487     265.4303        0.1402       265.2900843           -6.67963
  45        0.1794     265.4482        0.1836       265.2646391           -6.98091
  44        0.2165     265.4673        0.2342       265.2331075           -7.16834
  43        0.2613     265.4865        0.2944       265.1920568           -7.73301
  42        0.3336     265.5096        0.3920       265.1176561           -8.66891
  41        0.4307     265.5306        0.5188       265.0118151           -9.19682
  40        0.5894     265.5377        0.7260       264.8116438          -10.63812
  39        1.339      265.3629        1.6250       263.7378650          -12.08116
  38        1.782      265.1799        2.0314       263.1485879          -11.21180
  37        2.292      264.9879        2.4060       262.5818409           -9.38088
  36        2.964      264.7675        2.8113       261.9562061           -7.84864
  35        3.853      264.5149        3.2620       261.2529141           -6.67015
  34        5.035      264.2318        3.7723       260.4595405           -5.66395
  33        6.613      263.9234        4.3650       259.5583826           -4.81455
  32        8.786      263.6019        5.0593       258.5426037           -3.94242
  31       11.80       263.2808        5.9075       257.3732760           -3.27168
  30       15.07       263.0396        6.6812       256.3584442           -2.61844
  29       18.79       262.8706        7.4345       255.4361245           -2.08986
  28       23.16       262.7862        8.2453       254.5409104           -1.72996
  27       28.12       262.7485        9.1037       253.6448050           -1.52236
  26       33.73       262.7574        9.9724       252.7850107           -1.29191
  25       40.54       262.8014       10.9141       251.8873796           -1.11291
  24       48.69       262.8987       11.8977       251.0009126           -0.91677
  23       57.69       263.0499       12.8287       250.2211838           -0.73042
  22       68.43       263.2776       13.7641       249.5134777           -0.55600
  21       81.20       263.5867       14.7048       248.8818515           -0.41711
  20       96.49       264.0110       15.6653       248.3457477           -0.29570
  19      114.6        264.7079       16.8361       247.8717739           -0.22117
  18      136.5        265.6205       18.1952       247.4252660           -0.17158
  17      162.9        266.9748       19.9469       247.0278728           -0.12694
  16      196.4        269.8269       23.5572       246.2697270           -0.19071
  15      218.7        272.1885       28.4761       243.7123341           -0.97033
  14      243.0        275.0488       36.0802       238.9685466           -1.64426
  13      269.0        278.5292       46.1932       232.3359984           -2.15021
  12      297.5        282.7628       58.0989       224.6639334           -2.27401
  11      328.5        287.6353       70.5399       217.0954523           -2.05655
  10      361.9        293.1860       83.8256       209.3603862           -1.95581
   9      398.1        299.4125       98.2505       201.1619870           -1.90884
   8      437.6        306.3911      114.1775       192.2136102           -1.91201
   7      480.5        314.0006      131.4977       182.5029437           -1.90593
   6      533.0        323.1495      152.7200       170.4294522           -1.94101
   5      589.8        333.0475      175.9672       157.0803652           -1.98019
   4      651.6        343.6424      202.4048       141.2376798           -2.16516
   3      718.7        377.0717      297.4816        79.5900651           -7.74250
   2      792.3        391.4222      317.6787        73.7435351           -0.67011
   1      891.5        407.6101      344.2660        63.3440742           -0.88438
   0     1013.0        424.7960      378.3468        46.4492951           -1.17235

  Modules and versions used in this calculation:

                rrtm.f:  $Revision: 3.6 $                     rrtatm.f:  NOT USED          
                 rtr.f:  NOT USED                             rtrcld.f:  NOT USED          
               rtreg.f:  NOT USED                           rtregcld.f:  $Revision: 3.4 $  
            rtrcldmr.f:  NOT USED                         rtregcldmr.f:  NOT USED          
             setcoef.f:  $Revision: 3.4 $                    cldprop.f:  $Revision: 3.3 $  
            util_xxx.f:  NOT USED                             taumol.f:  $Revision: 3.6 $  
              rtrdis.f:  NOT USED                             disort.f:  NOT USED          
               extra.f:  NOT USED                            ErrPack.f:  NOT USED          
              LINPAK.f:  NOT USED                           RDI1MACH.f:  NOT USED          
              k_gB01.f:  $Revision: 3.2 $                     k_gB02.f:  $Revision: 3.2 $  
              k_gB03.f:  $Revision: 3.2 $                     k_gB04.f:  $Revision: 3.2 $  
              k_gB05.f:  $Revision: 3.3 $                     k_gB06.f:  $Revision: 3.2 $  
              k_gB07.f:  $Revision: 3.2 $                     k_gB08.f:  $Revision: 3.2 $  
              k_gB09.f:  $Revision: 3.2 $                     k_gB10.f:  $Revision: 3.2 $  
              k_gB11.f:  $Revision: 3.2 $                     k_gB12.f:  $Revision: 3.4 $  
              k_gB13.f:  $Revision: 3.2 $                     k_gB14.f:  $Revision: 3.2 $  
              k_gB15.f:  $Revision: 3.3 $                     k_gB16.f:  $Revision: 3.3 $  

