 Wavenumbers:   10.0 - 3250.0 cm-1, ATM      1
 LEVEL    PRESSURE   UPWARD FLUX   DOWNWARD FLUX    NET FLUX       HEATING RATE
             mb          W/m2          W/m2           W/m2          degree/day
  51         .06700    268.4228        0.0000       268.4228097            0.00000
  50         .07753    268.4316        0.0366       268.3949766          -22.29454
  49         .09103    268.4424        0.0581       268.3843394           -6.64433
  48        0.1069     268.4543        0.0810       268.3733125           -5.86597
  47        0.1255     268.4672        0.1072       268.3600033           -6.02996
  46        0.1487     268.4819        0.1402       268.3416674           -6.67939
  45        0.1794     268.4998        0.1836       268.3162233           -6.98061
  44        0.2165     268.5189        0.2342       268.2846934           -7.16797
  43        0.2613     268.5380        0.2944       268.2436450           -7.73256
  42        0.3336     268.5612        0.3920       268.1692492           -8.66834
  41        0.4307     268.5822        0.5188       268.0634163           -9.19611
  40        0.5894     268.5893        0.7260       267.8632625          -10.63720
  39        1.339      268.4147        1.6250       266.7896348          -12.07946
  38        1.782      268.2319        2.0314       266.2005022          -11.20905
  37        2.292      268.0400        2.4060       265.6339781           -9.37719
  36        2.964      267.8201        2.8113       265.0087374           -7.84370
  35        3.853      267.5681        3.2620       264.3061462           -6.66351
  34        5.035      267.2862        3.7723       263.5139666           -5.65543
  33        6.613      266.9798        4.3650       262.6147325           -4.80427
  32        8.786      266.6612        5.0593       261.6019157           -3.93093
  31       11.80       266.3447        5.9075       260.4372291           -3.25869
  30       15.07       266.1089        6.6812       259.4277394           -2.60466
  29       18.79       265.9464        7.4345       258.5118854           -2.07521
  28       23.16       265.8699        8.2453       257.6246829           -1.71448
  27       28.12       265.8419        9.1037       256.7381870           -1.50603
  26       33.73       265.8615        9.9724       255.8890558           -1.27588
  25       40.54       265.9180       10.9141       255.0039735           -1.09735
  24       48.69       266.0302       11.8977       254.1324194           -0.90135
  23       57.69       266.1974       12.8287       253.3686602           -0.71546
  22       68.43       266.4432       13.7641       252.6790369           -0.54179
  21       81.20       266.7702       14.7048       252.0654238           -0.40521
  20       96.49       267.2114       15.6653       251.5461267           -0.28643
  19      114.6        267.9278       16.8361       251.0916408           -0.21208
  18      136.5        268.8629       18.1952       250.6676665           -0.16293
  17      162.9        270.2437       19.9469       250.2968508           -0.11845
  16      196.4        273.1244       23.5572       249.5672477           -0.18353
  15      218.7        275.5023       28.4761       247.0261413           -0.96415
  14      243.0        278.3794       36.0802       242.2991344           -1.63845
  13      269.0        281.8768       46.1932       235.6836080           -2.14469
  12      297.5        286.1277       58.0989       228.0288152           -2.26889
  11      328.5        291.0190       70.5399       220.4791227           -2.05144
  10      361.9        296.5903       83.8256       212.7646429           -1.95061
   9      398.1        302.8398       98.2505       204.5892560           -1.90348
   8      437.6        309.8450      114.1775       195.6675003           -1.90632
   7      480.5        317.4858      131.4977       185.9881171           -1.89979
   6      533.0        326.6795      152.7200       173.9594224           -1.93381
   5      589.8        336.6394      175.9672       160.6722023           -1.97101
   4      651.6        347.3334      202.4048       144.9286499           -2.15161
   3      718.7        377.0717      288.2696        88.8021143           -7.04909
   2      792.3        391.4222      308.7503        82.6719419           -0.70262
   1      891.5        407.6101      336.3416        71.2684461           -0.96977
   0     1013.0        424.7960      372.2836        52.5124178           -1.30150

  Modules and versions used in this calculation:

                rrtm.f:  $Revision: 3.6 $                     rrtatm.f:  NOT USED          
                 rtr.f:  NOT USED                             rtrcld.f:  NOT USED          
               rtreg.f:  NOT USED                           rtregcld.f:  $Revision: 3.4 $  
            rtrcldmr.f:  NOT USED                         rtregcldmr.f:  NOT USED          
             setcoef.f:  $Revision: 3.4 $                    cldprop.f:  $Revision: 3.3 $  
            util_xxx.f:  NOT USED                             taumol.f:  $Revision: 3.6 $  
              rtrdis.f:  NOT USED                             disort.f:  NOT USED          
               extra.f:  NOT USED                            ErrPack.f:  NOT USED          
              LINPAK.f:  NOT USED                           RDI1MACH.f:  NOT USED          
              k_gB01.f:  $Revision: 3.2 $                     k_gB02.f:  $Revision: 3.2 $  
              k_gB03.f:  $Revision: 3.2 $                     k_gB04.f:  $Revision: 3.2 $  
              k_gB05.f:  $Revision: 3.3 $                     k_gB06.f:  $Revision: 3.2 $  
              k_gB07.f:  $Revision: 3.2 $                     k_gB08.f:  $Revision: 3.2 $  
              k_gB09.f:  $Revision: 3.2 $                     k_gB10.f:  $Revision: 3.2 $  
              k_gB11.f:  $Revision: 3.2 $                     k_gB12.f:  $Revision: 3.4 $  
              k_gB13.f:  $Revision: 3.2 $                     k_gB14.f:  $Revision: 3.2 $  
              k_gB15.f:  $Revision: 3.3 $                     k_gB16.f:  $Revision: 3.3 $  

