 Wavenumbers:   10.0 - 3250.0 cm-1, ATM      1
 LEVEL    PRESSURE   UPWARD FLUX   DOWNWARD FLUX    NET FLUX       HEATING RATE
             mb          W/m2          W/m2           W/m2          degree/day
  51         .06700    280.8952        0.0000       280.8952212            0.00000
  50         .07753    280.9040        0.0366       280.8673963          -22.28797
  49         .09103    280.9148        0.0581       280.8567684           -6.63855
  48        0.1069     280.9268        0.0810       280.8457508           -5.86105
  47        0.1255     280.9397        0.1073       280.8324505           -6.02590
  46        0.1487     280.9544        0.1402       280.8141236           -6.67613
  45        0.1794     280.9723        0.1837       280.7886885           -6.97812
  44        0.2165     280.9915        0.2343       280.7571653           -7.16644
  43        0.2613     281.0106        0.2945       280.7161199           -7.73199
  42        0.3336     281.0339        0.3921       280.6417204           -8.66878
  41        0.4307     281.0549        0.5190       280.5358714           -9.19751
  40        0.5894     281.0621        0.7264       280.3356723          -10.63961
  39        1.339      280.8881        1.6262       279.2618477          -12.08168
  38        1.782      280.7058        2.0330       278.6727836          -11.20774
  37        2.292      280.5147        2.4081       278.1065760           -9.37195
  36        2.964      280.2961        2.8140       277.4821294           -7.83374
  35        3.853      280.0464        3.2652       276.7812040           -6.64771
  34        5.035      279.7685        3.7763       275.9921147           -5.63336
  33        6.613      279.4682        4.3700       275.0981161           -4.77630
  32        8.786      279.1591        5.0654       274.0936528           -3.89851
  31       11.80       278.8575        5.9151       272.9424217           -3.22105
  30       15.07       278.6389        6.6902       271.9487040           -2.56396
  29       18.79       278.4971        7.4449       271.0521485           -2.03148
  28       23.16       278.4463        8.2573       270.1890099           -1.66798
  27       28.12       278.4490        9.1175       269.3314834           -1.45682
  26       33.73       278.5028        9.9880       268.5147720           -1.22717
  25       40.54       278.6001       10.9319       267.6682159           -1.04958
  24       48.69       278.7609       11.9181       266.8428307           -0.85360
  23       57.69       278.9807       12.8517       266.1290016           -0.66868
  22       68.43       279.2869       13.7902       265.4966685           -0.49678
  21       81.20       279.6767       14.7344       264.9423690           -0.36604
  20       96.49       280.1806       15.6988       264.4817579           -0.25406
  19      114.6        280.9709       16.8744       264.0964765           -0.17979
  18      136.5        281.9925       18.2391       263.7534075           -0.13183
  17      162.9        283.4764       19.9974       263.4790213           -0.08765
  16      196.4        286.4754       23.6166       262.8588035           -0.15602
  15      218.7        288.9245       28.5425       260.3820442           -0.93974
  14      243.0        291.8770       36.1550       255.7219945           -1.61524
  13      269.0        295.4540       46.2784       249.1756050           -2.12228
  12      297.5        299.7898       58.1966       241.5932482           -2.24742
  11      328.5        304.7765       70.6529       234.1236287           -2.02969
  10      361.9        310.4566       83.9566       226.5000028           -1.92763
   9      398.1        316.8342       98.4029       218.4313054           -1.87864
   8      437.6        323.9980      114.3551       209.6429346           -1.87782
   7      480.5        331.8423      131.7047       200.1376668           -1.86562
   6      533.0        341.3639      152.9666       188.3973166           -1.88746
   5      589.8        351.8595      176.2589       175.6005852           -1.89825
   4      651.6        363.7797      202.7446       161.0350544           -1.99062
   3      718.7        377.0430      231.1297       145.9132299           -1.89919
   2      792.3        391.4068      261.8588       129.5479913           -1.87572
   1      891.5        407.6053      300.8033       106.8019310           -1.93436
   0     1013.0        424.7960      348.9712        75.8248968           -2.14954

  Modules and versions used in this calculation:

                rrtm.f:  $Revision: 3.6 $                     rrtatm.f:  NOT USED          
                 rtr.f:  NOT USED                             rtrcld.f:  NOT USED          
               rtreg.f:  $Revision: 3.4 $                   rtregcld.f:  NOT USED          
            rtrcldmr.f:  NOT USED                         rtregcldmr.f:  NOT USED          
             setcoef.f:  $Revision: 3.4 $                    cldprop.f:  NOT USED          
            util_xxx.f:  NOT USED                             taumol.f:  $Revision: 3.6 $  
              rtrdis.f:  NOT USED                             disort.f:  NOT USED          
               extra.f:  NOT USED                            ErrPack.f:  NOT USED          
              LINPAK.f:  NOT USED                           RDI1MACH.f:  NOT USED          
              k_gB01.f:  $Revision: 3.2 $                     k_gB02.f:  $Revision: 3.2 $  
              k_gB03.f:  $Revision: 3.2 $                     k_gB04.f:  $Revision: 3.2 $  
              k_gB05.f:  $Revision: 3.3 $                     k_gB06.f:  $Revision: 3.2 $  
              k_gB07.f:  $Revision: 3.2 $                     k_gB08.f:  $Revision: 3.2 $  
              k_gB09.f:  $Revision: 3.2 $                     k_gB10.f:  $Revision: 3.2 $  
              k_gB11.f:  $Revision: 3.2 $                     k_gB12.f:  $Revision: 3.4 $  
              k_gB13.f:  $Revision: 3.2 $                     k_gB14.f:  $Revision: 3.2 $  
              k_gB15.f:  $Revision: 3.3 $                     k_gB16.f:  $Revision: 3.3 $  

